0 0.2150390625 0.52734375 0.017578125 0.016927083333333332
0 0.428515625 0.5891927083333334 0.00546875 0.0078125
0 0.465625 0.6025390625 0.0109375 0.022786458333333332
0 0.462890625 0.5852864583333334 0.00703125 0.010416666666666666
0 0.466796875 0.5732421875 0.01328125 0.014973958333333334
0 0.1423828125 0.5345052083333334 0.041796875 0.053385416666666664
0 0.162109375 0.4554036458333333 0.0109375 0.007161458333333333
0 0.2806640625 0.6123046875 0.005078125 0.011067708333333334
0 0.303515625 0.60546875 0.01328125 0.018229166666666668
0 0.32734375 0.6025390625 0.009375 0.012369791666666666
0 0.326171875 0.57421875 0.00859375 0.015625
0 0.3267578125 0.5598958333333334 0.008203125 0.015625
0 0.3451171875 0.6002604166666666 0.007421875 0.013020833333333334
0 0.35859375 0.587890625 0.00546875 0.009114583333333334
0 0.266015625 0.5159505208333334 0.02265625 0.020182291666666668
0 0.326953125 0.58984375 0.01015625 0.013020833333333334
0 0.2685546875 0.5022786458333334 0.016796875 0.005859375
0 0.4158203125 0.599609375 0.006640625 0.01171875
