0 0.6056726907630522 0.5232597054886211 0.01857429718875502 0.030455153949129853
0 0.26179718875502006 0.5645917001338688 0.008032128514056224 0.018072289156626505
0 0.44691265060240964 0.6009036144578314 0.02133534136546185 0.010374832663989291
0 0.7133534136546185 0.5309571619812584 0.03965863453815261 0.014390896921017403
0 0.9693775100401606 0.6758701472556894 0.029116465863453816 0.0572289156626506
0 0.9664909638554217 0.6353748326639893 0.024849397590361446 0.023761713520749666
0 0.9937248995983936 0.5739625167336011 0.012048192771084338 0.018741633199464525
0 0.9664909638554217 0.5731258366800536 0.028363453815261043 0.019076305220883535
0 0.9919678714859438 0.6025769745649264 0.015562248995983935 0.03714859437751004
0 0.9938504016064257 0.6350401606425703 0.01179718875502008 0.023092369477911646
0 0.9659889558232931 0.6025769745649264 0.029367469879518073 0.0391566265060241
0 0.5520833333333334 0.6201472556894244 0.003263052208835341 0.00535475234270415
0 0.4713855421686747 0.6365461847389559 0.006526104417670682 0.01606425702811245
0 0.5950050200803213 0.6201472556894244 0.003263052208835341 0.004685408299866131
0 0.5825803212851406 0.6184738955823293 0.0030120481927710845 0.0033467202141900937
