0 0.7018995098039216 0.4011437908496732 0.011029411764705883 0.015522875816993464
0 0.641390931372549 0.4195261437908497 0.007659313725490196 0.010620915032679739
0 0.5289522058823529 0.39624183006535946 0.008272058823529412 0.011437908496732025
0 0.9310661764705882 0.18035130718954248 0.12683823529411764 0.1417483660130719
0 0.5723039215686274 0.41748366013071897 0.006740196078431373 0.007352941176470588
0 0.6386335784313726 0.40175653594771243 0.013786764705882353 0.02900326797385621
0 0.7198223039215687 0.3723447712418301 0.022365196078431373 0.0363562091503268
0 0.6380208333333334 0.39481209150326796 0.008884803921568627 0.011029411764705883
0 0.5287990196078431 0.4011437908496732 0.011029411764705883 0.025326797385620915
0 0.5724571078431373 0.4227941176470588 0.005821078431372549 0.0032679738562091504
