0 0.6336945564516129 0.2696572580645161 0.032006048387096774 0.044690860215053765
0 0.6353326612903226 0.33602150537634407 0.031754032258064516 0.049059139784946235
0 0.6989667338709677 0.4848790322580645 0.016381048387096774 0.08131720430107527
0 0.5904737903225806 0.4070900537634409 0.028729838709677418 0.0540994623655914
0 0.633820564516129 0.4074260752688172 0.030745967741935484 0.0480510752688172
0 0.1436491935483871 0.519489247311828 0.01310483870967742 0.019489247311827957
0 0.6074848790322581 0.33047715053763443 0.11113911290322581 0.25571236559139787
0 0.4251512096774194 0.5606518817204301 0.009576612903225807 0.014448924731182795
0 0.6457913306451613 0.22530241935483872 0.017389112903225805 0.024529569892473117
0 0.7546622983870968 0.5584677419354839 0.07283266129032258 0.14112903225806453
0 0.4747983870967742 0.4369959677419355 0.029233870967741934 0.05880376344086022
0 0.7397933467741935 0.5665322580645161 0.02444556451612903 0.05040322580645161
0 0.4737903225806452 0.45161290322580644 0.013608870967741936 0.02486559139784946
0 0.7661290322580645 0.5623319892473119 0.025201612903225805 0.050067204301075266
