0 0.6247519841269841 0.5059523809523809 0.015376984126984126 0.0205026455026455
0 0.3882688492063492 0.46941137566137564 0.044890873015873016 0.06183862433862434
0 0.46279761904761907 0.50380291005291 0.005456349206349206 0.00496031746031746
0 0.3167162698412698 0.5434854497354498 0.02628968253968254 0.040013227513227514
0 0.4174107142857143 0.5034722222222222 0.019345238095238096 0.012896825396825396
0 0.6671626984126984 0.4184854497354497 0.017361111111111112 0.022156084656084655
0 0.38764880952380953 0.529265873015873 0.015873015873015872 0.05588624338624339
0 0.4366319444444444 0.5026455026455027 0.00818452380952381 0.010582010582010581
0 0.49888392857142855 0.5059523809523809 0.007192460317460317 0.009259259259259259
0 0.4986359126984127 0.5089285714285714 0.008680555555555556 0.015873015873015872
