0 0.5772569444444444 0.35951967592592593 0.1697048611111111 0.15422453703703703
0 0.4083116319444444 0.3687789351851852 0.1599392361111111 0.10792824074074074
0 0.9181857638888888 0.6031539351851852 0.01171875 0.013599537037037037
0 0.4611545138888889 0.5504918981481481 0.030381944444444444 0.021122685185185185
0 0.20247395833333334 0.5235821759259259 0.03342013888888889 0.026331018518518517
0 0.1918402777777778 0.5946180555555556 0.033854166666666664 0.04224537037037037
0 0.19639756944444445 0.5526620370370371 0.03298611111111111 0.03993055555555555
0 0.5729166666666666 0.34563078703703703 0.030381944444444444 0.0390625
0 0.3810763888888889 0.3453414351851852 0.038628472222222224 0.0390625
0 0.6202256944444444 0.27589699074074076 0.07942708333333333 0.033275462962962965
0 0.5244140625 0.34389467592592593 0.04014756944444445 0.042534722222222224
