0 0.4681299603174603 0.564484126984127 0.009672619047619048 0.004629629629629629
0 0.8954613095238095 0.5684523809523809 0.006200396825396825 0.007275132275132275
0 0.6598462301587301 0.5560515873015873 0.011656746031746032 0.017526455026455025
0 0.7389632936507936 0.5552248677248677 0.015128968253968254 0.027116402116402115
0 0.7032490079365079 0.5502645502645502 0.012152777777777778 0.021164021164021163
0 0.4408482142857143 0.5555555555555556 0.012152777777777778 0.007275132275132275
0 0.3861607142857143 0.5408399470899471 0.003968253968253968 0.012896825396825396
0 0.42819940476190477 0.5426587301587301 0.007688492063492063 0.011243386243386243
0 0.759796626984127 0.5434854497354498 0.009672619047619048 0.02017195767195767
0 0.6362847222222222 0.5505952380952381 0.007688492063492063 0.0033068783068783067
0 0.6815476190476191 0.5540674603174603 0.010416666666666666 0.017526455026455025
0 0.8959573412698413 0.5537367724867724 0.018601190476190476 0.017526455026455025
0 0.9006696428571429 0.4697420634920635 0.06671626984126984 0.0763888888888889
0 0.8973214285714286 0.5254629629629629 0.018849206349206348 0.03505291005291005
0 0.8958333333333334 0.5719246031746031 0.018849206349206348 0.018849206349206348
0 0.6388888888888888 0.558531746031746 0.005456349206349206 0.00992063492063492
