0 0.4013480392156863 0.5345108695652174 0.02022058823529412 0.028804347826086957
0 0.5992647058823529 0.47554347826086957 0.011029411764705883 0.01956521739130435
0 0.33808210784313725 0.47445652173913044 0.015625 0.03152173913043478
0 0.7201286764705882 0.4494565217391304 0.020526960784313725 0.009782608695652175
0 0.5857843137254902 0.5377717391304347 0.0196078431372549 0.028804347826086957
0 0.5989583333333334 0.45271739130434785 0.014093137254901961 0.02282608695652174
0 0.7086397058823529 0.4796195652173913 0.006740196078431373 0.03206521739130435
0 0.7133884803921569 0.45760869565217394 0.007659313725490196 0.006521739130434782
0 0.874234068627451 0.5456521739130434 0.017463235294117647 0.06195652173913044
0 0.8751531862745098 0.5989130434782609 0.018075980392156864 0.034782608695652174
