0 0.5378370098039216 0.5202127659574468 0.019301470588235295 0.04609929078014184
0 0.1012561274509804 0.599290780141844 0.012561274509803922 0.028368794326241134
0 0.4339767156862745 0.49113475177304966 0.030330882352941176 0.08014184397163121
0 0.39169730392156865 0.4921985815602837 0.05238970588235294 0.08226950354609928
0 0.45940563725490197 0.5904255319148937 0.011948529411764705 0.04042553191489362
0 0.34298406862745096 0.49539007092198584 0.046262254901960786 0.08297872340425531
0 0.40732230392156865 0.6070921985815603 0.003982843137254902 0.00851063829787234
0 0.5378370098039216 0.5560283687943263 0.01685049019607843 0.019858156028368795
0 0.41605392156862747 0.5968085106382979 0.007352941176470588 0.016312056737588652
0 0.42922794117647056 0.5985815602836879 0.017769607843137254 0.019858156028368795
0 0.4106924019607843 0.5858156028368794 0.0033700980392156864 0.014184397163120567
0 0.4293811274509804 0.5833333333333334 0.017463235294117647 0.010638297872340425
0 0.40042892156862747 0.5861702127659575 0.00857843137254902 0.014893617021276596
0 0.44776348039215685 0.5858156028368794 0.011948529411764705 0.02269503546099291
0 0.44715073529411764 0.5627659574468085 0.01133578431372549 0.02198581560283688
