0 0.7951388888888888 0.5239197530864198 0.026234567901234566 0.038580246913580245
0 0.7662037037037037 0.5223765432098766 0.021604938271604937 0.02109053497942387
0 0.37114197530864196 0.5673868312757202 0.013888888888888888 0.03497942386831276
0 0.7486496913580247 0.5280349794238683 0.008873456790123456 0.010802469135802469
0 0.7486496913580247 0.5141460905349794 0.008101851851851851 0.010802469135802469
0 0.7364969135802469 0.51440329218107 0.009259259259259259 0.012345679012345678
0 0.42476851851851855 0.536522633744856 0.019290123456790122 0.0205761316872428
0 0.7233796296296297 0.5336934156378601 0.012345679012345678 0.01903292181069959
0 0.7361111111111112 0.5401234567901234 0.008487654320987654 0.012345679012345678
0 0.7488425925925926 0.540380658436214 0.008487654320987654 0.011831275720164609
0 0.7417052469135802 0.5254629629629629 0.02507716049382716 0.044753086419753084
0 0.17727623456790123 0.5146604938271605 0.022762345679012346 0.020061728395061727
0 0.7364969135802469 0.5270061728395061 0.010030864197530864 0.01286008230452675
