0 0.3362438725490196 0.5449346405228758 0.0272671568627451 0.010620915032679739
0 0.3091299019607843 0.5296160130718954 0.0196078431372549 0.01511437908496732
0 0.43933823529411764 0.4209558823529412 0.05024509803921569 0.020016339869281044
0 0.421875 0.6299019607843137 0.003676470588235294 0.004084967320261438
0 0.3857230392156863 0.6162173202614379 0.015931372549019607 0.015931372549019607
0 0.35738357843137253 0.6303104575163399 0.005821078431372549 0.011437908496732025
0 0.3518688725490196 0.6294934640522876 0.005821078431372549 0.008169934640522876
0 0.37607230392156865 0.5882352941176471 0.016237745098039217 0.01715686274509804
0 0.4635416666666667 0.6252042483660131 0.006740196078431373 0.00857843137254902
0 0.48713235294117646 0.625 0.00428921568627451 0.008169934640522876
0 0.5042892156862745 0.4050245098039216 0.037377450980392156 0.04779411764705882
0 0.35738357843137253 0.627859477124183 0.003982843137254902 0.004901960784313725
