0 0.95775 0.4985 0.0035 0.0075
0 0.7949375 0.50975 0.006875 0.0125
0 0.512125 0.50375 0.00125 0.0025
0 0.524625 0.5065 0.002 0.005
0 0.512 0.506125 0.001 0.00175
0 0.5228125 0.50675 0.001625 0.004
0 0.0399375 0.497625 0.004125 0.00475
0 0.5285625 0.50525 0.002375 0.004
0 0.2735625 0.558375 0.011875 0.03025
0 0.9390625 0.502875 0.002125 0.00925
0 0.969125 0.504125 0.00275 0.00275
0 0.128875 0.5455 0.00975 0.018
0 0.0351875 0.491125 0.004375 0.00925
0 0.890125 0.499125 0.003 0.00825
0 0.1290625 0.48675 0.015375 0.041
0 0.889875 0.4905 0.003 0.0085
0 0.0354375 0.5005 0.004875 0.0095
0 0.0400625 0.490875 0.004375 0.00925
0 0.128875 0.522875 0.01025 0.02975
0 0.5286875 0.49925 0.003125 0.0065
0 0.5286875 0.508625 0.002625 0.00275
0 0.968875 0.499875 0.00275 0.00575
