0 0.6307043650793651 0.7514880952380952 0.00744047619047619 0.008928571428571428
0 0.6310763888888888 0.767526455026455 0.007688492063492063 0.005952380952380952
0 0.9903273809523809 0.7114748677248677 0.018849206349206348 0.10085978835978836
0 0.5668402777777778 0.7630621693121693 0.016121031746031748 0.014219576719576719
0 0.9423363095238095 0.7653769841269841 0.047371031746031744 0.03009259259259259
0 0.47867063492063494 0.7666997354497355 0.003472222222222222 0.002976190476190476
0 0.5972222222222222 0.7662037037037037 0.014384920634920634 0.007275132275132275
0 0.478546626984127 0.7619047619047619 0.003720238095238095 0.005291005291005291
0 0.5581597222222222 0.7600859788359788 0.011656746031746032 0.014219576719576719
0 0.9557291666666666 0.7409060846560847 0.015625 0.01951058201058201
0 0.4490327380952381 0.765707671957672 0.007192460317460317 0.005621693121693121
0 0.5969742063492064 0.7572751322751323 0.00744047619047619 0.010582010582010581
0 0.3861607142857143 0.7643849206349206 0.01488095238095238 0.010912698412698412
0 0.23586309523809523 0.7610780423280423 0.054563492063492064 0.03406084656084656
0 0.44915674603174605 0.7584325396825397 0.006944444444444444 0.00958994708994709
0 0.6305803571428571 0.7610780423280423 0.006696428571428571 0.01025132275132275
0 0.38578869047619047 0.7509920634920635 0.014136904761904762 0.016534391534391533
0 0.44928075396825395 0.749834656084656 0.007192460317460317 0.008267195767195767
0 0.7341269841269841 0.7564484126984127 0.015873015873015872 0.018187830687830687
0 0.42398313492063494 0.763723544973545 0.011160714285714286 0.011574074074074073
0 0.7346230158730159 0.769510582010582 0.015873015873015872 0.010582010582010581
