0 0.6397569444444444 0.6354442970822282 0.013640873015873016 0.015583554376657824
0 0.45535714285714285 0.6478779840848806 0.004464285714285714 0.005305039787798408
0 0.8070436507936508 0.6099137931034483 0.02132936507936508 0.027519893899204242
0 0.6227678571428571 0.6405835543766578 0.037698412698412696 0.026525198938992044
0 0.6672867063492064 0.6309681697612732 0.017609126984126984 0.009283819628647215
0 0.45300099206349204 0.6394230769230769 0.004216269841269841 0.005636604774535809
0 0.16183035714285715 0.5794098143236074 0.007192460317460317 0.016246684350132625
0 0.3012152777777778 0.5993037135278515 0.005704365079365079 0.008952254641909815
0 0.29836309523809523 0.6274867374005305 0.00744047619047619 0.004973474801061008
0 0.3851686507936508 0.6059350132625995 0.005456349206349206 0.007625994694960212
0 0.3697916666666667 0.6324602122015915 0.005456349206349206 0.007625994694960212
0 0.4544890873015873 0.6573275862068966 0.003224206349206349 0.01293103448275862
0 0.4652777777777778 0.6311339522546419 0.00744047619047619 0.009615384615384616
0 0.5141369047619048 0.6210212201591512 0.005952380952380952 0.008620689655172414
