0 0.6013020833333333 0.6717592592592593 0.010416666666666666 0.008333333333333333
0 0.61015625 0.6627314814814815 0.011458333333333333 0.008796296296296297
0 0.17317708333333334 0.7379629629629629 0.0125 0.020370370370370372
0 0.17447916666666666 0.6506944444444445 0.022916666666666665 0.03935185185185185
0 0.44088541666666664 0.7194444444444444 0.009375 0.017592592592592594
0 0.4373697916666667 0.6425925925925926 0.018489583333333334 0.03425925925925926
0 0.5029947916666667 0.6530092592592592 0.012239583333333333 0.02824074074074074
0 0.5048177083333333 0.7129629629629629 0.01015625 0.019444444444444445
0 0.710546875 0.6837962962962963 0.0049479166666666664 0.009259259259259259
0 0.71171875 0.6553240740740741 0.013020833333333334 0.020833333333333332
