0 0.33894954819277107 0.8495649263721553 0.010730421686746988 0.019076305220883535
0 0.5377447289156626 0.7757697456492637 0.01976656626506024 0.025435073627844713
0 0.5295557228915663 0.7006358768406962 0.013177710843373495 0.010374832663989291
0 0.5371799698795181 0.7341030789825971 0.031438253012048195 0.055890227576974566
0 0.5286144578313253 0.6755354752342704 0.02447289156626506 0.0391566265060241
0 0.8638930722891566 0.7329317269076305 0.010542168674698794 0.01740294511378849
0 0.569371234939759 0.7566934404283802 0.007718373493975903 0.008701472556894244
0 0.4076618975903614 0.7787817938420348 0.02051957831325301 0.012048192771084338
0 0.3989081325301205 0.7550200803212851 0.021837349397590362 0.015394912985274432
0 0.401355421686747 0.7677376171352075 0.018072289156626505 0.011378848728246318
0 0.6502259036144579 0.7272423025435074 0.005647590361445783 0.018072289156626505
0 0.6477786144578314 0.7120147255689424 0.009789156626506024 0.009705488621151271
0 0.9950112951807228 0.6512717536813922 0.008471385542168674 0.03279785809906292
