0 0.10364583333333334 0.5736111111111111 0.015625 0.03425925925925926
0 0.27239583333333334 0.6152777777777778 0.027083333333333334 0.023148148148148147
0 0.4953125 0.624537037037037 0.008333333333333333 0.013888888888888888
0 0.5653645833333333 0.5888888888888889 0.018229166666666668 0.03148148148148148
0 0.46875 0.6416666666666667 0.004166666666666667 0.009259259259259259
0 0.259375 0.5921296296296297 0.0125 0.023148148148148147
0 0.46822916666666664 0.6504629629629629 0.004166666666666667 0.008333333333333333
0 0.46822916666666664 0.6597222222222222 0.0020833333333333333 0.004629629629629629
0 0.56171875 0.6203703703703703 0.0067708333333333336 0.011111111111111112
0 0.5653645833333333 0.6194444444444445 0.022395833333333334 0.027777777777777776
