0 0.17200520833333333 0.41412037037037036 0.015885416666666666 0.02824074074074074
0 0.27434895833333334 0.44074074074074077 0.021614583333333333 0.024074074074074074
0 0.18619791666666666 0.45092592592592595 0.11666666666666667 0.12037037037037036
0 0.148828125 0.43194444444444446 0.010677083333333334 0.018518518518518517
0 0.804296875 0.5101851851851852 0.00390625 0.021296296296296296
0 0.226171875 0.44884259259259257 0.020052083333333335 0.03287037037037037
0 0.35989583333333336 0.5171296296296296 0.010416666666666666 0.012037037037037037
0 0.13697916666666668 0.430787037037037 0.010416666666666666 0.01898148148148148
0 0.3821614583333333 0.5291666666666667 0.00703125 0.026851851851851852
0 0.47552083333333334 0.5844907407407407 0.0020833333333333333 0.004166666666666667
0 0.934765625 0.47939814814814813 0.01796875 0.008796296296296297
0 0.9481770833333333 0.4671296296296296 0.024479166666666666 0.012962962962962963
0 0.47513020833333336 0.5877314814814815 0.00234375 0.0032407407407407406
0 0.35690104166666664 0.5180555555555556 0.00390625 0.007407407407407408
0 0.26848958333333334 0.44305555555555554 0.0078125 0.014814814814814815
