0 0.6605769230769231 0.6054487179487179 0.012980769230769231 0.015384615384615385
0 0.6609375 0.6213141025641026 0.007451923076923077 0.0125
0 0.6389423076923076 0.5671474358974359 0.007211538461538462 0.006730769230769231
0 0.5997596153846154 0.6201923076923077 0.007211538461538462 0.01217948717948718
0 0.5876201923076924 0.565224358974359 0.010817307692307692 0.007371794871794872
0 0.6909855769230769 0.5677884615384615 0.007451923076923077 0.006730769230769231
0 0.4841346153846154 0.6182692307692308 0.006730769230769231 0.01217948717948718
0 0.4841346153846154 0.6317307692307692 0.00625 0.008974358974358974
0 0.38040865384615385 0.6267628205128205 0.0069711538461538465 0.013782051282051282
0 0.7382211538461538 0.5682692307692307 0.026442307692307692 0.013461538461538462
0 0.6001201923076923 0.6330128205128205 0.0069711538461538465 0.008974358974358974
0 0.7873798076923076 0.5697115384615384 0.026682692307692307 0.013141025641025641
0 0.4816105769230769 0.5586538461538462 0.034375 0.01282051282051282
0 0.6599759615384615 0.6344551282051282 0.007451923076923077 0.009294871794871795
0 0.6305288461538462 0.5641025641025641 0.02403846153846154 0.01217948717948718
0 0.5330528846153846 0.5613782051282051 0.024759615384615383 0.0125
0 0.5997596153846154 0.6046474358974359 0.011057692307692308 0.013782051282051282
0 0.6830528846153846 0.5647435897435897 0.026201923076923078 0.01217948717948718
0 0.34194711538461536 0.6221153846153846 0.009375 0.01217948717948718
0 0.8415865384615384 0.5724358974358974 0.027403846153846154 0.01282051282051282
0 0.48473557692307695 0.6025641025641025 0.00985576923076923 0.015384615384615385
0 0.5819711538461538 0.5629807692307692 0.02451923076923077 0.011858974358974358
0 0.38040865384615385 0.6235576923076923 0.004086538461538462 0.00608974358974359
