0 0.06066176470588235 0.7489787581699346 0.025735294117647058 0.030637254901960783
0 0.5600490196078431 0.6631944444444444 0.007352941176470588 0.020833333333333332
0 0.060355392156862746 0.7802287581699346 0.022058823529411766 0.026143790849673203
0 0.10462622549019608 0.7271241830065359 0.009497549019607842 0.012254901960784314
0 0.5655637254901961 0.6172385620915033 0.017769607843137254 0.032679738562091505
0 0.021292892156862746 0.42116013071895425 0.04258578431372549 0.032679738562091505
0 0.017003676470588234 0.3684640522875817 0.03400735294117647 0.08088235294117647
0 0.35922181372549017 0.7258986928104575 0.02297794117647059 0.01715686274509804
0 0.5819546568627451 0.6374591503267973 0.011948529411764705 0.07802287581699346
0 0.5637254901960784 0.5882352941176471 0.01715686274509804 0.022058823529411766
0 0.3668811274509804 0.7087418300653595 0.011948529411764705 0.01715686274509804
0 0.5583639705882353 0.6203022875816994 0.019301470588235295 0.023284313725490197
0 0.5574448529411765 0.639297385620915 0.016237745098039217 0.025326797385620915
0 0.10416666666666667 0.7404003267973857 0.011642156862745098 0.00857843137254902
