0 0.5809487951807228 0.2955153949129853 0.011295180722891566 0.015394912985274432
0 0.5809487951807228 0.33450468540829986 0.013303212851405623 0.006358768406961178
0 0.32643072289156627 0.28815261044176704 0.007279116465863454 0.018741633199464525
0 0.7994477911646586 0.26890896921017404 0.012550200803212851 0.01639892904953146
0 0.7797439759036144 0.26890896921017404 0.015311244979919678 0.020414993306559572
0 0.7697038152610441 0.06492637215528782 0.048443775100401605 0.07095046854082998
0 0.5602409638554217 0.05840026773761713 0.04317269076305221 0.07463186077643909
0 0.3442520080321285 0.04852744310575636 0.04292168674698795 0.07563587684069611
0 0.9600903614457831 0.35542168674698793 0.021586345381526106 0.009370816599732263
0 0.7661897590361446 0.12182061579651941 0.04593373493975904 0.04819277108433735
