0 0.7307291666666667 0.16435185185185186 0.06458333333333334 0.09537037037037037
0 0.9184895833333333 0.017592592592592594 0.0484375 0.03518518518518519
0 0.6440104166666667 0.40046296296296297 0.0067708333333333336 0.004629629629629629
0 0.70859375 0.07731481481481481 0.05364583333333333 0.05092592592592592
0 0.7158854166666667 0.10972222222222222 0.0515625 0.03796296296296296
0 0.64453125 0.412962962962963 0.0067708333333333336 0.009259259259259259
0 0.6947916666666667 0.03148148148148148 0.06041666666666667 0.06296296296296296
0 0.6747395833333333 0.350462962962963 0.025520833333333333 0.01574074074074074
0 0.6440104166666667 0.3921296296296296 0.0067708333333333336 0.010185185185185186
0 0.6442708333333333 0.40555555555555556 0.00625 0.005555555555555556
