0 0.209375 0.3680555555555556 0.0265625 0.03888888888888889
0 0.487109375 0.42083333333333334 0.02109375 0.03888888888888889
0 0.2109375 0.40347222222222223 0.01875 0.03194444444444444
0 0.938671875 0.35625 0.03671875 0.0625
0 0.32265625 0.5 0.0125 0.019444444444444445
0 0.596484375 0.34930555555555554 0.02890625 0.05138888888888889
0 0.46796875 0.3597222222222222 0.025 0.03888888888888889
0 0.462890625 0.4576388888888889 0.00859375 0.015277777777777777
0 0.104296875 0.46805555555555556 0.00703125 0.013888888888888888
0 0.1046875 0.4861111111111111 0.0078125 0.022222222222222223
0 0.023828125 0.5118055555555555 0.00859375 0.018055555555555554
0 0.469140625 0.3958333333333333 0.01796875 0.03333333333333333
0 0.752734375 0.4340277777777778 0.00546875 0.020833333333333332
0 0.9765625 0.4513888888888889 0.00625 0.013888888888888888
0 0.041796875 0.5104166666666666 0.00859375 0.018055555555555554
