0 0.4533102766798419 0.575098814229249 0.004940711462450593 0.00461133069828722
0 0.20454545454545456 0.5889328063241107 0.0133399209486166 0.011857707509881422
0 0.05434782608695652 0.591897233201581 0.016798418972332016 0.013175230566534914
0 0.28396739130434784 0.580368906455863 0.005681818181818182 0.005928853754940711
0 0.26914525691699603 0.5828392621870883 0.0037055335968379445 0.004940711462450593
0 0.4529397233201581 0.5586297760210803 0.007658102766798419 0.005270092226613966
0 0.4641798418972332 0.5571475625823452 0.006422924901185771 0.004281949934123847
0 0.4529397233201581 0.5688405797101449 0.005187747035573123 0.007905138339920948
0 0.45318675889328064 0.5634057971014492 0.005681818181818182 0.00230566534914361
0 0.4708498023715415 0.56933465085639 0.004446640316205534 0.0036231884057971015
0 0.4712203557312253 0.5566534914361001 0.006175889328063241 0.00461133069828722
0 0.2864377470355731 0.5867918313570487 0.0032114624505928855 0.004281949934123847
0 0.4643033596837945 0.5699934123847167 0.005187747035573123 0.004281949934123847
0 0.46393280632411066 0.5634057971014492 0.005434782608695652 0.006258234519104084
0 0.2834733201581028 0.5853096179183136 0.0037055335968379445 0.003952569169960474
0 0.4704792490118577 0.5622529644268774 0.005681818181818182 0.008563899868247694
