0 0.25930059523809523 0.3986441798941799 0.03844246031746032 0.05787037037037037
0 0.5339781746031746 0.34970238095238093 0.00496031746031746 0.008928571428571428
0 0.37202380952380953 0.375 0.008432539682539682 0.015873015873015872
0 0.47767857142857145 0.37466931216931215 0.001984126984126984 0.008597883597883597
0 0.5942460317460317 0.3933531746031746 0.004464285714285714 0.006944444444444444
0 0.5904017857142857 0.3611111111111111 0.01066468253968254 0.01917989417989418
0 0.46688988095238093 0.38293650793650796 0.006696428571428571 0.005291005291005291
0 0.5891617063492064 0.34209656084656087 0.011160714285714286 0.018187830687830687
0 0.37202380952380953 0.35896164021164023 0.008432539682539682 0.016203703703703703
0 0.4661458333333333 0.37433862433862436 0.010168650793650794 0.012566137566137565
0 0.5484871031746031 0.35085978835978837 0.007192460317460317 0.010582010582010581
0 0.2602926587301587 0.4656084656084656 0.013640873015873016 0.01984126984126984
0 0.2683531746031746 0.08548280423280423 0.08283730158730158 0.17096560846560846
