0 0.5275735294117647 0.6429738562091504 0.0055147058823529415 0.007352941176470588
0 0.40058210784313725 0.6031454248366013 0.0027573529411764708 0.01184640522875817
0 0.3694852941176471 0.6366421568627451 0.0030637254901960784 0.003676470588235294
0 0.32889093137254904 0.556781045751634 0.007659313725490196 0.00980392156862745
0 0.32965686274509803 0.5643382352941176 0.00857843137254902 0.004493464052287581
0 0.33900122549019607 0.5571895424836601 0.010723039215686275 0.013888888888888888
0 0.3394607843137255 0.5680147058823529 0.012254901960784314 0.004493464052287581
0 0.17279411764705882 0.6317401960784313 0.007352941176470588 0.010212418300653595
0 0.14506740196078433 0.6296977124183006 0.008884803921568627 0.011029411764705883
0 0.10248161764705882 0.6276552287581699 0.008884803921568627 0.011029411764705883
