0 0.23284313725490197 0.5430964052287581 0.031862745098039214 0.042075163398692814
0 0.6136642156862745 0.3672385620915033 0.030637254901960783 0.049836601307189546
0 0.0934436274509804 0.5784313725490197 0.012867647058823529 0.017973856209150325
0 0.5833333333333334 0.5980392156862745 0.006740196078431373 0.012254901960784314
0 0.26516544117647056 0.5132761437908496 0.02665441176470588 0.0821078431372549
0 0.6749387254901961 0.5874183006535948 0.00857843137254902 0.010620915032679739
0 0.09298406862745098 0.59375 0.014399509803921568 0.01184640522875817
0 0.43826593137254904 0.5984477124183006 0.005821078431372549 0.008169934640522876
0 0.2930453431372549 0.596609477124183 0.007659313725490196 0.006944444444444444
0 0.6747855392156863 0.579248366013072 0.008272058823529412 0.005718954248366013
0 0.26776960784313725 0.4987745098039216 0.006127450980392157 0.024509803921568627
0 0.10983455882352941 0.5962009803921569 0.007659313725490196 0.006944444444444444
