0 0.17552083333333332 0.6837962962962963 0.010416666666666666 0.023148148148148147
0 0.8981770833333333 0.6263888888888889 0.016145833333333335 0.03981481481481482
0 0.11822916666666666 0.562962962962963 0.07604166666666666 0.11296296296296296
0 0.18932291666666667 0.6865740740740741 0.011979166666666667 0.012037037037037037
0 0.34869791666666666 0.7921296296296296 0.009895833333333333 0.041666666666666664
0 0.32005208333333335 0.7791666666666667 0.009895833333333333 0.03611111111111111
0 0.057291666666666664 0.6351851851851852 0.015625 0.027777777777777776
0 0.04635416666666667 0.5902777777777778 0.008333333333333333 0.010185185185185186
0 0.11380208333333333 0.6541666666666667 0.0328125 0.09537037037037037
0 0.9018229166666667 0.674537037037037 0.0484375 0.06759259259259259
