0 0.3319010416666667 0.4097222222222222 0.09661458333333334 0.1361111111111111
0 0.060286458333333334 0.4703703703703704 0.007552083333333333 0.013888888888888888
0 0.431640625 0.42083333333333334 0.030989583333333334 0.025925925925925925
0 0.16927083333333334 0.45208333333333334 0.03802083333333333 0.06342592592592593
0 0.4680989583333333 0.4787037037037037 0.01328125 0.018518518518518517
0 0.20846354166666667 0.13194444444444445 0.040364583333333336 0.07962962962962963
0 0.42213541666666665 0.44814814814814813 0.022916666666666665 0.016666666666666666
0 0.04869791666666667 0.46805555555555556 0.008333333333333333 0.009259259259259259
0 0.4703125 0.425 0.01875 0.018518518518518517
0 0.12421875 0.47129629629629627 0.009895833333333333 0.009259259259259259
0 0.46927083333333336 0.45069444444444445 0.021354166666666667 0.033796296296296297
0 0.6723958333333333 0.5013888888888889 0.003125 0.010185185185185186
0 0.12408854166666666 0.4585648148148148 0.009635416666666667 0.016203703703703703
0 0.6708333333333333 0.5166666666666667 0.0020833333333333333 0.005555555555555556
0 0.044661458333333334 0.46782407407407406 0.002864583333333333 0.0060185185185185185
0 0.009765625 0.4634259259259259 0.002864583333333333 0.005555555555555556
