0 0.26450892857142855 0.5 0.009176587301587302 0.010582010582010581
0 0.2544642857142857 0.49889770723104054 0.004464285714285714 0.009259259259259259
0 0.22371031746031747 0.5198412698412699 0.010416666666666666 0.027336860670194002
0 0.26450892857142855 0.5149911816578483 0.004216269841269841 0.008818342151675485
0 0.25496031746031744 0.484347442680776 0.004464285714285714 0.00837742504409171
0 0.2544642857142857 0.5132275132275133 0.004464285714285714 0.008818342151675485
0 0.2650049603174603 0.48500881834215165 0.008680555555555556 0.009700176366843033
0 0.26413690476190477 0.5295414462081128 0.004464285714285714 0.007936507936507936
0 0.2604166666666667 0.5013227513227513 0.022817460317460316 0.07671957671957672
0 0.25396825396825395 0.5284391534391535 0.004464285714285714 0.00837742504409171
