0 0.2034313725490196 0.21609477124183007 0.011029411764705883 0.014705882352941176
0 0.8808210784313726 0.12765522875816993 0.051470588235294115 0.02165032679738562
0 0.4736519607843137 0.22099673202614378 0.00857843137254902 0.012254901960784314
0 0.4716605392156863 0.24897875816993464 0.007659313725490196 0.027369281045751634
0 0.009037990196078432 0.11397058823529412 0.018075980392156864 0.04411764705882353
0 0.15824142156862744 0.2099673202614379 0.0027573529411764708 0.013888888888888888
0 0.15747549019607843 0.19566993464052287 0.013480392156862746 0.007352941176470588
0 0.4731924019607843 0.23223039215686275 0.007659313725490196 0.006127450980392157
0 0.4713541666666667 0.19812091503267973 0.009497549019607842 0.029411764705882353
0 0.4719669117647059 0.1940359477124183 0.0033700980392156864 0.004084967320261438
0 0.8690257352941176 0.11683006535947713 0.05177696078431373 0.028594771241830064
