0 0.4508272058823529 0.7083333333333334 0.013786764705882353 0.007352941176470588
0 0.49525122549019607 0.7050653594771242 0.01991421568627451 0.018790849673202614
0 0.4117647058823529 0.7438725490196079 0.0024509803921568627 0.008169934640522876
0 0.3154105392156863 0.7142565359477124 0.02665441176470588 0.011029411764705883
0 0.3336397058823529 0.6856617647058824 0.04534313725490196 0.05024509803921569
0 0.664828431372549 0.6503267973856209 0.05943627450980392 0.07679738562091504
0 0.39797794117647056 0.6858660130718954 0.006740196078431373 0.00980392156862745
0 0.41590073529411764 0.6868872549019608 0.006433823529411764 0.011029411764705883
0 0.4333639705882353 0.6870915032679739 0.006433823529411764 0.010620915032679739
0 0.34941789215686275 0.7150735294117647 0.021752450980392156 0.028186274509803922
0 0.37316176470588236 0.7269199346405228 0.007965686274509803 0.01184640522875817
0 0.38587622549019607 0.7248774509803921 0.011948529411764705 0.01511437908496732
0 0.14920343137254902 0.7189542483660131 0.010416666666666666 0.016339869281045753
