0 0.8733684738955824 0.6348728246318608 0.043423694779116465 0.04551539491298527
0 0.2927961847389558 0.6494310575635877 0.009789156626506024 0.007697456492637216
0 0.3072289156626506 0.6522757697456493 0.014558232931726908 0.013386880856760375
0 0.24460341365461846 0.606091030789826 0.03237951807228916 0.03279785809906292
0 0.32505020080321284 0.6648259705488622 0.004518072289156626 0.003681392235609103
0 0.3625753012048193 0.6628179384203481 0.020833333333333332 0.019745649263721552
0 0.24924698795180722 0.6527777777777778 0.004016064257028112 0.006358768406961178
0 0.3773845381526104 0.6639892904953146 0.008785140562248996 0.013386880856760375
0 0.4329819277108434 0.661813922356091 0.006526104417670682 0.019076305220883535
0 0.3585592369477912 0.6738621151271754 0.007279116465863454 0.007028112449799197
0 0.28150100401606426 0.6092704149933066 0.03288152610441767 0.03179384203480589
0 0.1760793172690763 0.6517737617135207 0.00426706827309237 0.006358768406961178
0 0.27271586345381527 0.5910307898259706 0.012299196787148595 0.010040160642570281
0 0.8729919678714859 0.6035809906291834 0.030120481927710843 0.02175368139223561
