0 0.31725 0.4206666666666667 0.01 0.016
0 0.524 0.43316666666666664 0.0025 0.0036666666666666666
0 0.256875 0.41383333333333333 0.00675 0.011
0 0.389125 0.4201666666666667 0.00275 0.009
0 0.02175 0.4711666666666667 0.0395 0.02033333333333333
0 0.52425 0.42916666666666664 0.0045 0.007666666666666666
0 0.60525 0.39866666666666667 0.027 0.106
0 0.516875 0.43383333333333335 0.00675 0.007
0 0.61425 0.39466666666666667 0.0035 0.010666666666666666
0 0.647375 0.37633333333333335 0.03425 0.16533333333333333
0 0.57225 0.401 0.037 0.022
0 0.64025 0.38166666666666665 0.0115 0.03266666666666666
0 0.51525 0.4005 0.009 0.011666666666666667
0 0.653 0.37833333333333335 0.008 0.03266666666666666
0 0.652875 0.4265 0.00825 0.031
0 0.639875 0.42766666666666664 0.01125 0.03
0 0.614 0.4045 0.0035 0.008333333333333333
