0 0.7330729166666666 0.5453703703703704 0.03177083333333333 0.05555555555555555
0 0.73671875 0.5990740740740741 0.0296875 0.05925925925925926
0 0.3885416666666667 0.6129629629629629 0.026041666666666668 0.044444444444444446
0 0.28880208333333335 0.6361111111111111 0.0140625 0.024074074074074074
0 0.7203125 0.6560185185185186 0.007291666666666667 0.012037037037037037
0 0.3854166666666667 0.6481481481481481 0.013541666666666667 0.025925925925925925
0 0.3111979166666667 0.6472222222222223 0.0067708333333333336 0.012962962962962963
0 0.6731770833333334 0.6592592592592592 0.018229166666666668 0.018518518518518517
0 0.6729166666666667 0.6412037037037037 0.019791666666666666 0.021296296296296296
0 0.35572916666666665 0.6416666666666667 0.007291666666666667 0.011111111111111112
