0 0.5044934640522876 0.531318082788671 0.006535947712418301 0.009259259259259259
0 0.48856209150326796 0.5332244008714597 0.004493464052287581 0.006535947712418301
0 0.5495302287581699 0.4325980392156863 0.06883169934640523 0.049836601307189546
0 0.4627246732026144 0.542619825708061 0.003880718954248366 0.007352941176470588
0 0.48570261437908496 0.434640522875817 0.04370915032679738 0.04793028322440087
0 0.5825163398692811 0.5155228758169934 0.016748366013071895 0.02178649237472767
0 0.8473243464052288 0.2523148148148148 0.1002859477124183 0.1636710239651416
0 0.4477124183006536 0.5352668845315904 0.004493464052287581 0.006808278867102397
0 0.3032066993464052 0.5407135076252724 0.003472222222222222 0.005718954248366013
0 0.5584150326797386 0.5337690631808278 0.003676470588235294 0.0054466230936819175
0 0.580984477124183 0.5347222222222222 0.003880718954248366 0.008442265795206972
0 0.6180555555555556 0.5250544662309368 0.006535947712418301 0.009259259259259259
0 0.5004084967320261 0.528458605664488 0.004084967320261438 0.004084967320261438
0 0.5747549019607843 0.5314542483660131 0.003676470588235294 0.006263616557734205
