0 0.5531734496124031 0.7336886304909561 0.019137596899224806 0.01582687338501292
0 0.5747335271317829 0.7353036175710594 0.02446705426356589 0.01065891472868217
0 0.6457122093023255 0.7227067183462532 0.057412790697674417 0.05587855297157623
0 0.5809108527131783 0.727874677002584 0.01065891472868217 0.0035529715762273903
0 0.5571705426356589 0.7238372093023255 0.010174418604651164 0.003875968992248062
0 0.6469234496124031 0.7543604651162791 0.027858527131782947 0.006136950904392765
0 0.5727955426356589 0.7340116279069767 0.004602713178294574 0.0048449612403100775
0 0.5479651162790697 0.7320736434108527 0.00436046511627907 0.0048449612403100775
0 0.5588662790697675 0.7319121447028424 0.003875968992248062 0.004521963824289405
0 0.5532945736434108 0.7319121447028424 0.00436046511627907 0.00516795865633075
