0 0.11994485294117647 0.7502723311546841 0.01133578431372549 0.03649237472766884
0 0.7645526960784313 0.6421568627450981 0.0352328431372549 0.05664488017429194
0 0.7627144607843137 0.5811546840958606 0.043198529411764705 0.0664488017429194
0 0.1254595588235294 0.7459150326797386 0.03400735294117647 0.056100217864923745
0 0.8740808823529411 0.5664488017429193 0.07291666666666667 0.12091503267973856
0 0.3134191176470588 0.7480936819172114 0.0055147058823529415 0.022331154684095862
0 0.10830269607843138 0.69880174291939 0.03216911764705882 0.015250544662309368
0 0.6478247549019608 0.7674291938997821 0.010723039215686275 0.020697167755991286
0 0.6119791666666666 0.7723311546840959 0.01685049019607843 0.015250544662309368
0 0.6122855392156863 0.7916666666666666 0.014399509803921568 0.021241830065359478
0 0.7193627450980392 0.7535403050108932 0.007352941176470588 0.01252723311546841
0 0.6073835784313726 0.7478213507625272 0.006433823529411764 0.00980392156862745
0 0.6141237745098039 0.7475490196078431 0.004595588235294118 0.009259259259259259
0 0.6106004901960784 0.7453703703703703 0.015931372549019607 0.03758169934640523
0 0.11841299019607843 0.7126906318082789 0.011948529411764705 0.01252723311546841
