0 0.7144097222222222 0.6208664021164021 0.011160714285714286 0.01488095238095238
0 0.7504960317460317 0.595734126984127 0.01240079365079365 0.01488095238095238
0 0.20399305555555555 0.580191798941799 0.008680555555555556 0.014219576719576719
0 0.738343253968254 0.595568783068783 0.011904761904761904 0.01521164021164021
0 0.21812996031746032 0.5803571428571429 0.007192460317460317 0.013888888888888888
0 0.7261904761904762 0.5950727513227513 0.010416666666666666 0.016203703703703703
0 0.7146577380952381 0.5949074074074074 0.009176587301587302 0.013888888888888888
0 0.18998015873015872 0.5798611111111112 0.00744047619047619 0.012235449735449735
0 0.1765873015873016 0.5873015873015873 0.011904761904761904 0.026455026455026454
0 0.22420634920634921 0.5656415343915344 0.00496031746031746 0.00958994708994709
0 0.2326388888888889 0.580026455026455 0.00744047619047619 0.01455026455026455
0 0.1865079365079365 0.56630291005291 0.003968253968253968 0.008267195767195767
0 0.2478918650793651 0.5416666666666666 0.006200396825396825 0.010582010582010581
0 0.17819940476190477 0.5446428571428571 0.004712301587301587 0.00992063492063492
