0 0.16942401960784315 0.2986111111111111 0.015931372549019607 0.04411764705882353
0 0.5447303921568627 0.33394607843137253 0.010416666666666666 0.011029411764705883
0 0.5405943627450981 0.34477124183006536 0.007659313725490196 0.010620915032679739
0 0.8921568627450981 0.34477124183006536 0.007965686274509803 0.021241830065359478
0 0.12362132352941177 0.3020833333333333 0.04503676470588235 0.020833333333333332
0 0.22089460784313725 0.27879901960784315 0.01715686274509804 0.02165032679738562
0 0.696078431372549 0.19812091503267973 0.00857843137254902 0.07026143790849673
0 0.532015931372549 0.3562091503267974 0.005208333333333333 0.006535947712418301
0 0.5246629901960784 0.3713235294117647 0.0027573529411764708 0.004901960784313725
0 0.5287990196078431 0.3619281045751634 0.003676470588235294 0.006535947712418301
