0 0.5476190476190477 0.576223544973545 0.00992063492063492 0.014219576719576719
0 0.3023313492063492 0.6180555555555556 0.005456349206349206 0.007275132275132275
0 0.49032738095238093 0.6352513227513228 0.00496031746031746 0.006613756613756613
0 0.5388144841269841 0.5763888888888888 0.007688492063492063 0.013888888888888888
0 0.2364831349206349 0.6383928571428571 0.009672619047619048 0.011574074074074073
0 0.5390625 0.5874669312169312 0.00818452380952381 0.006283068783068783
0 0.42584325396825395 0.3900462962962963 0.030257936507936508 0.036044973544973546
0 0.5181051587301587 0.6307870370370371 0.003968253968253968 0.008267195767195767
0 0.283234126984127 0.6554232804232805 0.003968253968253968 0.005291005291005291
0 0.4487847222222222 0.6507936507936508 0.007192460317460317 0.00992063492063492
