0 0.5670955882352942 0.6672794117647058 0.025735294117647058 0.034722222222222224
0 0.4652267156862745 0.6913807189542484 0.006433823529411764 0.00857843137254902
0 0.5042892156862745 0.6887254901960784 0.004901960784313725 0.008169934640522876
0 0.42018995098039214 0.696078431372549 0.005208333333333333 0.007352941176470588
0 0.42493872549019607 0.6848447712418301 0.01715686274509804 0.01511437908496732
0 0.5664828431372549 0.6924019607843137 0.00980392156862745 0.013888888888888888
0 0.42984068627450983 0.6958741830065359 0.004901960784313725 0.006944444444444444
0 0.022518382352941176 0.6578839869281046 0.01133578431372549 0.014297385620915032
0 0.021599264705882353 0.6687091503267973 0.015625 0.05718954248366013
0 0.4443933823529412 0.6901552287581699 0.0070465686274509805 0.01184640522875817
