0 0.5153125 0.5516666666666666 0.019375 0.025
0 0.515625 0.5716666666666667 0.0175 0.016666666666666666
0 0.149375 0.5958333333333333 0.01 0.013333333333333334
0 0.06375 0.57625 0.05 0.0825
0 0.158125 0.54875 0.01875 0.009166666666666667
0 0.355625 0.59625 0.00625 0.009166666666666667
0 0.356875 0.58875 0.0075 0.0075
0 0.140625 0.5079166666666667 0.025 0.010833333333333334
0 0.1378125 0.5366666666666666 0.023125 0.01
0 0.159375 0.52 0.01625 0.01
0 0.159375 0.53875 0.01625 0.010833333333333334
0 0.400625 0.5970833333333333 0.005 0.0075
0 0.3959375 0.5908333333333333 0.006875 0.01
0 0.139375 0.52 0.02375 0.011666666666666667
