0 0.6351102941176471 0.5010212418300654 0.03370098039215686 0.04616013071895425
0 0.8011642156862745 0.5320669934640523 0.011029411764705883 0.01511437908496732
0 0.7881433823529411 0.5324754901960784 0.01133578431372549 0.014297385620915032
0 0.8017769607843137 0.5484068627450981 0.011642156862745098 0.014297385620915032
0 0.7887561274509803 0.5486111111111112 0.01133578431372549 0.013888888888888888
0 0.8008578431372549 0.5155228758169934 0.011029411764705883 0.014705882352941176
0 0.6367953431372549 0.5608660130718954 0.021139705882352942 0.07516339869281045
0 0.6049325980392157 0.5134803921568627 0.010723039215686275 0.012254901960784314
0 0.7947303921568627 0.5318627450980392 0.029411764705882353 0.051470588235294115
0 0.7876838235294118 0.5159313725490197 0.011642156862745098 0.014705882352941176
0 0.6053921568627451 0.5261437908496732 0.007352941176470588 0.010620915032679739
