0 0.7375919117647058 0.7056100217864923 0.008884803921568627 0.013616557734204794
0 0.5439644607843137 0.6800108932461874 0.007659313725490196 0.013616557734204794
0 0.5575980392156863 0.6745642701525054 0.00428921568627451 0.008169934640522876
0 0.5572916666666666 0.6802832244008714 0.00428921568627451 0.002178649237472767
0 0.6306678921568627 0.6756535947712419 0.004595588235294118 0.009259259259259259
0 0.5575980392156863 0.6887254901960784 0.006127450980392157 0.01252723311546841
0 0.6305147058823529 0.6821895424836601 0.004901960784313725 0.003812636165577342
0 0.5575980392156863 0.6868191721132898 0.00428921568627451 0.008714596949891068
0 0.6306678921568627 0.6892701525054467 0.004595588235294118 0.008169934640522876
0 0.6308210784313726 0.690359477124183 0.0055147058823529415 0.011437908496732025
