0 0.41381448412698413 0.2240410052910053 0.058779761904761904 0.07771164021164022
0 0.4283234126984127 0.6155753968253969 0.026785714285714284 0.01025132275132275
0 0.34499007936507936 0.2091600529100529 0.059027777777777776 0.08498677248677249
0 0.46750992063492064 0.5706018518518519 0.03422619047619048 0.030753968253968252
0 0.5054563492063492 0.6459986772486772 0.005456349206349206 0.007605820105820105
0 0.17038690476190477 0.3878968253968254 0.04513888888888889 0.05555555555555555
0 0.4644097222222222 0.6314484126984127 0.00818452380952381 0.012235449735449735
0 0.4779265873015873 0.578042328042328 0.00744047619047619 0.010582010582010581
0 0.43762400793650796 0.6162367724867724 0.005208333333333333 0.006944444444444444
0 0.4779265873015873 0.5639880952380952 0.006944444444444444 0.00958994708994709
