0 0.5246775793650794 0.35295414462081126 0.006200396825396825 0.01455026455026455
0 0.7648809523809523 0.3247354497354497 0.016865079365079364 0.03130511463844797
0 0.9015376984126984 0.40652557319223986 0.006448412698412698 0.021164021164021163
0 0.14546130952380953 0.2092151675485009 0.023065476190476192 0.012786596119929453
0 0.17559523809523808 0.20105820105820105 0.009424603174603174 0.01675485008818342
0 0.7330109126984127 0.3395061728395062 0.008680555555555556 0.021164021164021163
0 0.7048611111111112 0.1421957671957672 0.01984126984126984 0.04717813051146384
0 0.7841021825396826 0.33487654320987653 0.016617063492063492 0.03130511463844797
0 0.7854662698412699 0.31128747795414463 0.015873015873015872 0.015873015873015872
0 0.08469742063492064 0.10207231040564374 0.011656746031746032 0.062169312169312166
0 0.7862103174603174 0.2945326278659612 0.016865079365079364 0.015873015873015872
0 0.787078373015873 0.2777777777777778 0.016617063492063492 0.018518518518518517
0 0.32688492063492064 0.37103174603174605 0.00248015873015873 0.015432098765432098
0 0.7659970238095238 0.3013668430335097 0.016617063492063492 0.01455026455026455
