0 0.3823784722222222 0.4296875 0.006944444444444444 0.013888888888888888
0 0.4536675347222222 0.44111689814814814 0.005859375 0.008391203703703705
0 0.5435112847222222 0.4363425925925926 0.003689236111111111 0.008101851851851851
0 0.1812065972222222 0.4401041666666667 0.025173611111111112 0.017939814814814815
0 0.4763454861111111 0.44386574074074076 0.00390625 0.00636574074074074
0 0.1802300347222222 0.4140625 0.027126736111111112 0.03587962962962963
0 0.4538845486111111 0.44777199074074076 0.004991319444444444 0.004340277777777778
0 0.3824869791666667 0.44068287037037035 0.007161458333333333 0.007523148148148148
0 0.4950086805555556 0.44458912037037035 0.0026041666666666665 0.005497685185185185
0 0.4951171875 0.4483506944444444 0.002387152777777778 0.002025462962962963
0 0.4763454861111111 0.4486400462962963 0.003472222222222222 0.004340277777777778
0 0.5438368055555556 0.44241898148148145 0.003472222222222222 0.004050925925925926
0 0.5321180555555556 0.4408275462962963 0.0026041666666666665 0.006076388888888889
