0 0.826171875 0.4708333333333333 0.02265625 0.027777777777777776
0 0.72109375 0.6048611111111111 0.0265625 0.02361111111111111
0 0.846875 0.5680555555555555 0.021875 0.027777777777777776
0 0.846875 0.5305555555555556 0.028125 0.04722222222222222
0 0.8125 0.5722222222222222 0.0234375 0.025
0 0.81015625 0.5 0.025 0.022222222222222223
0 0.812109375 0.5347222222222222 0.02578125 0.04722222222222222
0 0.844921875 0.4951388888888889 0.02578125 0.020833333333333332
0 0.823828125 0.40208333333333335 0.02578125 0.02361111111111111
0 0.824609375 0.4354166666666667 0.02578125 0.043055555555555555
