0 0.30162377450980393 0.6100217864923747 0.02297794117647059 0.018518518518518517
0 0.13526348039215685 0.525599128540305 0.033394607843137254 0.020697167755991286
0 0.11871936274509803 0.6102941176470589 0.012561274509803922 0.03649237472766884
0 0.28293504901960786 0.6184640522875817 0.009497549019607842 0.020152505446623094
0 0.0899203431372549 0.6067538126361656 0.0389093137254902 0.02505446623093682
0 0.27159926470588236 0.6274509803921569 0.01133578431372549 0.018518518518518517
0 0.49065563725490197 0.6053921568627451 0.0070465686274509805 0.007080610021786492
0 0.5482536764705882 0.6081154684095861 0.0070465686274509805 0.005991285403050109
0 0.5497855392156863 0.599128540305011 0.005208333333333333 0.00980392156862745
0 0.12990196078431374 0.6244553376906318 0.00980392156862745 0.013616557734204794
0 0.5379901960784313 0.6007625272331155 0.003676470588235294 0.006535947712418301
