0 0.3239889705882353 0.4970043572984749 0.020526960784313725 0.03758169934640523
0 0.43443627450980393 0.4316448801742919 0.006127450980392157 0.027777777777777776
0 0.1875 0.5754357298474946 0.032475490196078434 0.06045751633986928
0 0.38112745098039214 0.4678649237472767 0.013480392156862746 0.027233115468409588
0 0.45588235294117646 0.4087690631808279 0.0055147058823529415 0.004901960784313725
0 0.4560355392156863 0.4153050108932462 0.005821078431372549 0.007080610021786492
0 0.7072610294117647 0.5043572984749455 0.018075980392156864 0.037037037037037035
0 0.4105392156862745 0.44989106753812635 0.00980392156862745 0.02178649237472767
0 0.8426776960784313 0.5789760348583878 0.030330882352941176 0.06100217864923747
0 0.4563419117647059 0.4207516339869281 0.005821078431372549 0.004901960784313725
0 0.5894607843137255 0.4455337690631808 0.00980392156862745 0.023965141612200435
0 0.6495098039215687 0.4711328976034858 0.013480392156862746 0.027233115468409588
