0 0.5246394230769231 0.5639423076923077 0.027644230769230768 0.0266025641025641
0 0.5743990384615385 0.5895833333333333 0.005048076923076923 0.00608974358974359
0 0.5743990384615385 0.5942307692307692 0.003125 0.003205128205128205
0 0.4896634615384615 0.5918269230769231 0.002403846153846154 0.004807692307692308
0 0.4189903846153846 0.5584935897435898 0.013461538461538462 0.016346153846153847
0 0.4277644230769231 0.5546474358974359 0.013701923076923077 0.02467948717948718
0 0.42007211538461536 0.5317307692307692 0.023317307692307693 0.0391025641025641
0 0.41165865384615385 0.5761217948717948 0.007451923076923077 0.015064102564102564
0 0.43966346153846153 0.5721153846153846 0.011057692307692308 0.016666666666666666
0 0.48173076923076924 0.573076923076923 0.011538461538461539 0.009615384615384616
0 0.4826923076923077 0.5564102564102564 0.01826923076923077 0.02435897435897436
0 0.5034855769230769 0.5891025641025641 0.0021634615384615386 0.004487179487179487
0 0.4342548076923077 0.583173076923077 0.0069711538461538465 0.008012820512820512
0 0.5003605769230769 0.5887820512820513 0.003125 0.004487179487179487
0 0.9753605769230769 0.5876602564102564 0.005048076923076923 0.009935897435897435
0 0.9754807692307692 0.5700320512820513 0.007211538461538462 0.02467948717948718
0 0.42596153846153845 0.5714743589743589 0.009615384615384616 0.010256410256410256
0 0.7234375 0.5674679487179487 0.01610576923076923 0.021474358974358974
0 0.6397836538461539 0.5948717948717949 0.005528846153846154 0.0038461538461538464
0 0.6401442307692308 0.5875 0.008173076923076924 0.010256410256410256
0 0.6796875 0.5947115384615385 0.0045673076923076926 0.0028846153846153848
0 0.6794471153846153 0.5883012820512821 0.007451923076923077 0.009294871794871795
0 0.6326923076923077 0.592948717948718 0.0019230769230769232 0.005128205128205128
0 0.16598557692307692 0.32724358974358975 0.1483173076923077 0.1641025641025641
0 0.9252403846153846 0.4378205128205128 0.06298076923076923 0.06282051282051282
0 0.8820913461538461 0.6125 0.018028846153846152 0.038461538461538464
0 0.5306490384615384 0.5623397435897436 0.0045673076923076926 0.006730769230769231
0 0.5192307692307693 0.5650641025641026 0.005288461538461539 0.00641025641025641
