0 0.18286219081272084 0.4480565371024735 0.0088339222614841 0.018374558303886925
0 0.7674028268551236 0.4696113074204947 0.00441696113074205 0.0063604240282685515
0 0.767226148409894 0.47491166077738517 0.004063604240282685 0.0035335689045936395
0 0.715547703180212 0.4669611307420495 0.00530035335689046 0.00530035335689046
0 0.7151943462897526 0.4586572438162544 0.005653710247349823 0.009187279151943463
0 0.45971731448763253 0.45 0.0063604240282685515 0.03215547703180212
0 0.5106890459363957 0.5104240282685513 0.0019434628975265019 0.004593639575971731
0 0.3877208480565371 0.41042402826855123 0.014664310954063604 0.07243816254416961
0 0.3873674911660777 0.4667844522968198 0.007597173144876325 0.0176678445229682
0 0.26263250883392225 0.4842756183745583 0.0037102473498233216 0.009540636042402828
0 0.27393992932862193 0.4901060070671378 0.006890459363957597 0.009187279151943463
0 0.21130742049469964 0.46996466431095407 0.005653710247349823 0.0021201413427561835
0 0.18215547703180213 0.4644876325088339 0.0088339222614841 0.01519434628975265
0 0.2742932862190813 0.4791519434628975 0.006537102473498233 0.012720848056537103
0 0.21139575971731447 0.46325088339222614 0.005477031802120141 0.009187279151943463
0 0.6054770318021201 0.4353356890459364 0.0063604240282685515 0.014840989399293287
0 0.44946996466431094 0.5063604240282685 0.0024734982332155478 0.004240282685512367
0 0.00901060070671378 0.45 0.0038869257950530037 0.007420494699646643
