0 0.7133884803921569 0.5878267973856209 0.01685049019607843 0.02369281045751634
0 0.3252144607843137 0.4667075163398693 0.0744485294117647 0.0951797385620915
0 0.6145833333333334 0.6139705882352942 0.009191176470588236 0.018790849673202614
0 0.47058823529411764 0.6188725490196079 0.007965686274509803 0.010620915032679739
0 0.10370710784313726 0.6117238562091504 0.008272058823529412 0.01184640522875817
0 0.5375306372549019 0.6235702614379085 0.005821078431372549 0.007761437908496732
0 0.7120098039215687 0.6047794117647058 0.006740196078431373 0.00857843137254902
0 0.012561274509803922 0.6219362745098039 0.007352941176470588 0.010212418300653595
0 0.004136029411764706 0.6184640522875817 0.005208333333333333 0.00980392156862745
0 0.1130514705882353 0.6113153594771242 0.0055147058823529415 0.00857843137254902
