0 0.5458333333333333 0.4025462962962963 0.0078125 0.011574074074074073
0 0.4046875 0.375 0.0125 0.020370370370370372
0 0.4337239583333333 0.36898148148148147 0.00703125 0.012962962962962963
0 0.5459635416666667 0.38634259259259257 0.009635416666666667 0.020833333333333332
0 0.6001302083333333 0.4081018518518518 0.027864583333333335 0.047685185185185185
0 0.545703125 0.4238425925925926 0.009114583333333334 0.03009259259259259
0 0.34661458333333334 0.39328703703703705 0.026041666666666668 0.06805555555555555
0 0.35794270833333336 0.3701388888888889 0.00546875 0.0125
0 0.461328125 0.3736111111111111 0.002864583333333333 0.005555555555555556
0 0.43776041666666665 0.37407407407407406 0.003125 0.005555555555555556
