0 0.7575301204819277 0.5061914323962516 0.01606425702811245 0.02108433734939759
0 0.44615963855421686 0.5428380187416332 0.005271084337349397 0.006024096385542169
0 0.5513303212851406 0.4918005354752343 0.0338855421686747 0.024431057563587683
0 0.44615963855421686 0.5336345381526104 0.006275100401606426 0.008366800535475234
0 0.3706074297188755 0.5153949129852744 0.007279116465863454 0.011378848728246318
0 0.4890813253012048 0.5180722891566265 0.019327309236947792 0.013386880856760375
0 0.496109437751004 0.5659303882195449 0.0027610441767068274 0.004016064257028112
0 0.4707580321285141 0.5582329317269076 0.0037650602409638554 0.004016064257028112
0 0.8125 0.4762382864792503 0.007028112449799197 0.02677376171352075
0 0.3706074297188755 0.518908969210174 0.011295180722891566 0.019745649263721552
0 0.47163654618473894 0.5585676037483266 0.006024096385542169 0.008032128514056224
0 0.20394076305220885 0.4784136546184739 0.0057730923694779114 0.033801874163319943
