0 0.49516369047619047 0.3715277777777778 0.016121031746031748 0.022156084656084655
0 0.37624007936507936 0.3725198412698413 0.005952380952380952 0.00958994708994709
0 0.5503472222222222 0.3558201058201058 0.014384920634920634 0.01455026455026455
0 0.5493551587301587 0.3697089947089947 0.01240079365079365 0.013227513227513227
0 0.3583829365079365 0.39368386243386244 0.004464285714285714 0.006283068783068783
0 0.10553075396825397 0.3688822751322751 0.004712301587301587 0.008928571428571428
0 0.47085813492063494 0.38326719576719576 0.005704365079365079 0.005952380952380952
0 0.47098214285714285 0.376984126984127 0.00744047619047619 0.007936507936507936
0 0.12301587301587301 0.3513558201058201 0.017857142857142856 0.005621693121693121
0 0.7736855158730159 0.3950066137566138 0.005208333333333333 0.01025132275132275
0 0.7625248015873016 0.39732142857142855 0.006696428571428571 0.01025132275132275
0 0.6958085317460317 0.41798941798941797 0.003720238095238095 0.007936507936507936
0 0.21986607142857142 0.3791335978835979 0.009672619047619048 0.018849206349206348
0 0.4947916666666667 0.3844246031746032 0.00744047619047619 0.004298941798941799
0 0.7740575396825397 0.38756613756613756 0.004464285714285714 0.005952380952380952
0 0.4714781746031746 0.37103174603174605 0.006448412698412698 0.004629629629629629
