0 0.3060980902777778 0.6099537037037037 0.023654513888888888 0.009259259259259259
0 0.2879774305555556 0.4969618055555556 0.021701388888888888 0.026909722222222224
0 0.9551866319444444 0.5630787037037037 0.005425347222222222 0.01273148148148148
0 0.080078125 0.6179108796296297 0.019965277777777776 0.026909722222222224
0 0.1921657986111111 0.6072048611111112 0.018446180555555556 0.025752314814814815
0 0.2036675347222222 0.5017361111111112 0.021050347222222224 0.028356481481481483
0 0.5264756944444444 0.5963541666666666 0.017361111111111112 0.013310185185185185
0 0.5251736111111112 0.5760995370370371 0.017361111111111112 0.024305555555555556
0 0.4216579861111111 0.6092303240740741 0.022135416666666668 0.009548611111111112
0 0.24620225694444445 0.49855324074074076 0.022352430555555556 0.02662037037037037
0 0.5665147569444444 0.43344907407407407 0.05186631944444445 0.05324074074074074
