0 0.11619543650793651 0.6838624338624338 0.005704365079365079 0.017857142857142856
0 0.21515376984126985 0.6254960317460317 0.026041666666666668 0.010912698412698412
0 0.5782490079365079 0.6481481481481481 0.013640873015873016 0.01455026455026455
0 0.42757936507936506 0.6741071428571429 0.005952380952380952 0.00958994708994709
0 0.5545634920634921 0.6630291005291006 0.008928571428571428 0.008597883597883597
0 0.5787450396825397 0.6593915343915344 0.010168650793650794 0.006613756613756613
0 0.5543154761904762 0.6534391534391535 0.010416666666666666 0.013227513227513227
0 0.5048363095238095 0.6398809523809523 0.019593253968253968 0.004629629629629629
0 0.4055059523809524 0.6772486772486772 0.00496031746031746 0.009259259259259259
0 0.390625 0.6772486772486772 0.006944444444444444 0.011904761904761904
0 0.5218253968253969 0.6765873015873016 0.005456349206349206 0.007936507936507936
0 0.20461309523809523 0.6536044973544973 0.008432539682539682 0.016203703703703703
0 0.5923859126984127 0.6499669312169312 0.016121031746031748 0.010912698412698412
