0 0.5992759146341463 0.6416412601626016 0.018292682926829267 0.030233739837398375
0 0.6901676829268293 0.4968241869918699 0.010670731707317074 0.005335365853658537
0 0.0662157012195122 0.3487042682926829 0.02153201219512195 0.04954268292682927
0 0.06278582317073171 0.3009400406504065 0.032964939024390245 0.07952235772357724
0 0.056783536585365856 0.2190040650406504 0.03239329268292683 0.11483739837398374
0 0.04849466463414634 0.09108231707317073 0.03563262195121951 0.18216463414634146
0 0.1917873475609756 0.4740853658536585 0.005144817073170732 0.019308943089430895
0 0.19016768292682926 0.452489837398374 0.007240853658536586 0.032520325203252036
0 0.18797637195121952 0.4134908536585366 0.006669207317073171 0.052083333333333336
0 0.18445121951219512 0.3511178861788618 0.011432926829268292 0.08434959349593496
0 0.19235899390243902 0.5163871951219512 0.006288109756097561 0.027184959349593495
0 0.19140625 0.492505081300813 0.004382621951219513 0.018038617886178863
0 0.22322789634146342 0.4917428861788618 0.014672256097560975 0.051067073170731704
0 0.9464557926829268 0.4580792682926829 0.019054878048780487 0.04928861788617886
0 0.9182545731707317 0.47751524390243905 0.012195121951219513 0.008384146341463415
0 0.9133955792682927 0.4372459349593496 0.015434451219512195 0.021341463414634148
0 0.9164443597560976 0.4639227642276423 0.010480182926829269 0.016260162601626018
0 0.41149009146341464 0.45896849593495936 0.020388719512195123 0.024136178861788617
0 0.8969131097560976 0.47827743902439024 0.01486280487804878 0.020579268292682928
0 0.6900724085365854 0.49136178861788615 0.010861280487804877 0.006097560975609756
0 0.8961509146341463 0.4644308943089431 0.01676829268292683 0.01016260162601626
0 0.8940548780487805 0.4476626016260163 0.01676829268292683 0.023882113821138213
0 0.4378810975609756 0.5701219512195121 0.01486280487804878 0.02693089430894309
0 0.4147294207317073 0.5054623983739838 0.02267530487804878 0.05665650406504065
0 0.4132050304878049 0.4740853658536585 0.010861280487804877 0.0066056910569105695
0 0.9107278963414634 0.4803099593495935 0.011242378048780487 0.02108739837398374
0 0.38481326219512196 0.5219766260162602 0.02153201219512195 0.02616869918699187
0 0.3717606707317073 0.5353150406504065 0.012195121951219513 0.008130081300813009
0 0.6917873475609756 0.5177845528455285 0.00819359756097561 0.005589430894308943
0 0.6909298780487805 0.5095274390243902 0.009908536585365854 0.012449186991869919
0 0.6850228658536586 0.5138465447154471 0.005335365853658537 0.01092479674796748
0 0.9617949695121951 0.4659552845528455 0.015053353658536585 0.028963414634146343
0 0.4138719512195122 0.4921239837398374 0.01638719512195122 0.023373983739837397
0 0.9457888719512195 0.4457571138211382 0.013528963414634146 0.0195630081300813
0 0.9185403963414634 0.4846290650406504 0.0078125 0.0063516260162601625
