0 0.11044730392156862 0.5243055555555556 0.027879901960784315 0.03308823529411765
0 0.21308210784313725 0.5300245098039216 0.004595588235294118 0.014297385620915032
0 0.15716911764705882 0.5361519607843137 0.007965686274509803 0.015931372549019607
0 0.45925245098039214 0.5208333333333334 0.011642156862745098 0.014705882352941176
0 0.5647977941176471 0.5155228758169934 0.013174019607843137 0.016339869281045753
0 0.5657169117647058 0.5279820261437909 0.008272058823529412 0.00857843137254902
0 0.5767463235294118 0.5022467320261438 0.015625 0.020833333333333332
0 0.5768995098039216 0.5177696078431373 0.010416666666666666 0.010212418300653595
0 0.5761335784313726 0.5418709150326797 0.015625 0.01511437908496732
0 0.6810661764705882 0.4591503267973856 0.02022058823529412 0.02696078431372549
0 0.6084558823529411 0.4826388888888889 0.029411764705882353 0.039624183006535946
0 0.4102328431372549 0.5543300653594772 0.011642156862745098 0.012254901960784314
