0 0.5947265625 0.14192708333333334 0.080078125 0.11067708333333333
0 0.52392578125 0.3235677083333333 0.0048828125 0.009114583333333334
0 0.501220703125 0.3196614583333333 0.00634765625 0.009114583333333334
0 0.37939453125 0.314453125 0.0087890625 0.01171875
0 0.593994140625 0.0439453125 0.11572265625 0.087890625
0 0.568115234375 0.3072916666666667 0.00634765625 0.010416666666666666
0 0.565673828125 0.3268229166666667 0.01220703125 0.006510416666666667
0 0.567626953125 0.3180338541666667 0.00830078125 0.009765625
0 0.662109375 0.26953125 0.005859375 0.006510416666666667
0 0.473876953125 0.203125 0.06689453125 0.0859375
0 0.603759765625 0.2926432291666667 0.01611328125 0.011067708333333334
0 0.650634765625 0.2919921875 0.03369140625 0.033203125
0 0.557373046875 0.20638020833333334 0.07080078125 0.08723958333333333
0 0.60595703125 0.3024088541666667 0.015625 0.025390625
0 0.6064453125 0.265625 0.02734375 0.0390625
0 0.59521484375 0.2138671875 0.0791015625 0.033203125
0 0.62451171875 0.3203125 0.009765625 0.014322916666666666
0 0.60498046875 0.3177083333333333 0.0087890625 0.0078125
0 0.511474609375 0.3225911458333333 0.00341796875 0.005859375
