0 0.9498546511627907 0.7340116279069767 0.015019379844961241 0.017118863049095608
0 0.9886143410852714 0.7312661498708011 0.022286821705426358 0.03165374677002584
0 0.8554990310077519 0.7600129198966409 0.006540697674418605 0.00904392764857881
0 0.4806201550387597 0.7020348837209303 0.031492248062015504 0.044896640826873384
0 0.8112887596899225 0.7548449612403101 0.005329457364341085 0.0071059431524547806
0 0.9675387596899225 0.7445090439276486 0.00872093023255814 0.011627906976744186
0 0.9735949612403101 0.7632428940568475 0.0029069767441860465 0.015503875968992248
0 0.9788032945736435 0.7252906976744186 0.021075581395348836 0.03456072351421188
0 0.9169089147286822 0.749031007751938 0.0048449612403100775 0.0071059431524547806
0 0.8782703488372093 0.7472545219638242 0.008963178294573644 0.011950904392764857
0 0.968265503875969 0.7622739018087855 0.006298449612403101 0.023255813953488372
0 0.02555717054263566 0.626937984496124 0.05111434108527132 0.10465116279069768
