0 0.021139705882352942 0.4444444444444444 0.041666666666666664 0.0784313725490196
0 0.6384803921568627 0.5661764705882353 0.020833333333333332 0.03758169934640523
0 0.6646752450980392 0.15522875816993464 0.11917892156862746 0.12200435729847495
0 0.35723039215686275 0.5514705882352942 0.007965686274509803 0.01906318082788671
0 0.4053308823529412 0.5661764705882353 0.006127450980392157 0.014705882352941176
0 0.40548406862745096 0.5637254901960784 0.004595588235294118 0.007625272331154684
0 0.35723039215686275 0.5479302832244008 0.006127450980392157 0.010893246187363835
0 0.6386335784313726 0.5778867102396514 0.02665441176470588 0.07080610021786492
0 0.5715379901960784 0.6122004357298475 0.021752450980392156 0.042483660130718956
0 0.46691176470588236 0.6277233115468409 0.007352941176470588 0.017973856209150325
0 0.46706495098039214 0.6239106753812637 0.004595588235294118 0.009259259259259259
