0 0.6946463178294574 0.5838178294573644 0.047238372093023256 0.039082687338501294
0 0.42974806201550386 0.6409883720930233 0.007267441860465116 0.006782945736434108
0 0.45070251937984496 0.6403423772609819 0.006056201550387597 0.007428940568475452
0 0.5616521317829457 0.6133720930232558 0.016715116279069766 0.020025839793281652
0 0.46233042635658916 0.6393733850129198 0.004118217054263566 0.006136950904392765
0 0.5044815891472868 0.6380813953488372 0.00993217054263566 0.009366925064599484
0 0.36688468992248063 0.626453488372093 0.006540697674418605 0.0035529715762273903
0 0.36167635658914726 0.6198320413436692 0.006298449612403101 0.004521963824289405
0 0.4901889534883721 0.6405038759689923 0.004602713178294574 0.007751937984496124
0 0.485343992248062 0.6400193798449613 0.0031492248062015503 0.006782945736434108
