0 0.43776041666666665 0.4361111111111111 0.009895833333333333 0.022222222222222223
0 0.2015625 0.4671296296296296 0.005208333333333333 0.013888888888888888
0 0.31536458333333334 0.46296296296296297 0.0046875 0.007407407407407408
0 0.3893229166666667 0.487962962962963 0.005729166666666666 0.009259259259259259
0 0.7348958333333333 0.5217592592592593 0.003125 0.010185185185185186
0 0.49583333333333335 0.4847222222222222 0.005208333333333333 0.010185185185185186
0 0.4953125 0.4962962962962963 0.005208333333333333 0.012962962962962963
0 0.5322916666666667 0.5097222222222222 0.00625 0.013888888888888888
0 0.4109375 0.45694444444444443 0.00625 0.012037037037037037
0 0.5364583333333334 0.41435185185185186 0.005208333333333333 0.013888888888888888
0 0.43697916666666664 0.4537037037037037 0.007291666666666667 0.012962962962962963
0 0.446875 0.45416666666666666 0.008333333333333333 0.021296296296296296
0 0.06640625 0.16620370370370371 0.013020833333333334 0.041666666666666664
0 0.4088541666666667 0.48194444444444445 0.00625 0.008333333333333333
0 0.5182291666666666 0.41944444444444445 0.005208333333333333 0.012962962962962963
0 0.4484375 0.4162037037037037 0.008333333333333333 0.017592592592592594
0 0.43828125 0.41388888888888886 0.0078125 0.016666666666666666
0 0.031510416666666666 0.23703703703703705 0.0067708333333333336 0.037037037037037035
0 0.00703125 0.2884259259259259 0.005729166666666666 0.032407407407407406
0 0.32760416666666664 0.4740740740740741 0.007291666666666667 0.012962962962962963
0 0.4473958333333333 0.43425925925925923 0.008333333333333333 0.018518518518518517
0 0.40963541666666664 0.46944444444444444 0.0067708333333333336 0.012962962962962963
0 0.31588541666666664 0.4708333333333333 0.0046875 0.008333333333333333
0 0.6145833333333334 0.5310185185185186 0.005208333333333333 0.010185185185185186
