0 0.7911706349206349 0.48412698412698413 0.09176587301587301 0.10515873015873016
0 0.40128968253968256 0.6402116402116402 0.003968253968253968 0.005952380952380952
0 0.4681299603174603 0.6375661375661376 0.004712301587301587 0.005952380952380952
0 0.35280257936507936 0.6076388888888888 0.024057539682539684 0.02414021164021164
0 0.4773065476190476 0.6382275132275133 0.005208333333333333 0.006613756613756613
0 0.2197420634920635 0.6168981481481481 0.005456349206349206 0.008928571428571428
0 0.43154761904761907 0.6415343915343915 0.002976190476190476 0.005291005291005291
0 0.4600694444444444 0.642526455026455 0.00496031746031746 0.004629629629629629
0 0.4595734126984127 0.636739417989418 0.003968253968253968 0.006283068783068783
0 0.35466269841269843 0.6036706349206349 0.008928571428571428 0.011574074074074073
0 0.15637400793650794 0.621031746031746 0.005208333333333333 0.007936507936507936
0 0.3603670634920635 0.640707671957672 0.002976190476190476 0.005621693121693121
