0 0.4506448412698413 0.34523809523809523 0.002976190476190476 0.007054673721340388
0 0.9567212301587301 0.35648148148148145 0.005704365079365079 0.00837742504409171
0 0.46143353174603174 0.3443562610229277 0.002728174603174603 0.004409171075837742
0 0.4303075396825397 0.3699294532627866 0.005456349206349206 0.004409171075837742
0 0.48288690476190477 0.36574074074074076 0.001488095238095238 0.0030864197530864196
0 0.39893353174603174 0.3602292768959436 0.002232142857142857 0.005291005291005291
0 0.4830109126984127 0.36243386243386244 0.002728174603174603 0.003527336860670194
0 0.4738343253968254 0.3478835978835979 0.002232142857142857 0.0026455026455026454
0 0.5974702380952381 0.37433862433862436 0.003968253968253968 0.029982363315696647
0 0.47371031746031744 0.3445767195767196 0.002976190476190476 0.003968253968253968
