0 0.7127757352941176 0.37316176470588236 0.03462009803921569 0.037173202614379085
0 0.7133884803921569 0.32393790849673204 0.03400735294117647 0.05065359477124183
0 0.7450980392156863 0.4180964052287582 0.032475490196078434 0.0428921568627451
0 0.4892769607843137 0.5206290849673203 0.006127450980392157 0.009395424836601307
0 0.2643995098039216 0.4930555555555556 0.013480392156862746 0.01715686274509804
0 0.5661764705882353 0.5061274509803921 0.014705882352941176 0.018790849673202614
0 0.4560355392156863 0.5496323529411765 0.01991421568627451 0.01838235294117647
0 0.7680759803921569 0.45894607843137253 0.00980392156862745 0.03390522875816993
0 0.19209558823529413 0.4854983660130719 0.00428921568627451 0.02165032679738562
0 0.7454044117647058 0.46119281045751637 0.00857843137254902 0.0196078431372549
0 0.6407781862745098 0.5243055555555556 0.02297794117647059 0.010212418300653595
0 0.2708333333333333 0.5204248366013072 0.001838235294117647 0.007352941176470588
0 0.17447916666666666 0.5134803921568627 0.005821078431372549 0.021241830065359478
0 0.4810049019607843 0.5306372549019608 0.004901960784313725 0.007352941176470588
0 0.17401960784313725 0.536968954248366 0.00428921568627451 0.015931372549019607
