0 0.5890842013888888 0.5532407407407407 0.004991319444444444 0.009837962962962963
0 0.4728732638888889 0.5771122685185185 0.002170138888888889 0.004918981481481482
0 0.4716796875 0.5708912037037037 0.004557291666666667 0.006944444444444444
0 0.5378689236111112 0.5627893518518519 0.0028211805555555555 0.003472222222222222
0 0.4509548611111111 0.5668402777777778 0.007378472222222222 0.00636574074074074
0 0.5396050347222222 0.5666956018518519 0.003689236111111111 0.004340277777777778
0 0.9756944444444444 0.4380787037037037 0.022135416666666668 0.03414351851851852
0 0.9759114583333334 0.4144965277777778 0.017795138888888888 0.014756944444444444
0 0.9698350694444444 0.3706597222222222 0.05164930555555555 0.06597222222222222
0 0.6873914930555556 0.43822337962962965 0.022786458333333332 0.005497685185185185
0 0.4052734375 0.5277777777777778 0.013671875 0.003472222222222222
0 0.6929253472222222 0.5005787037037037 0.004774305555555556 0.010416666666666666
0 0.4054904513888889 0.5241608796296297 0.0028211805555555555 0.00318287037037037
0 0.3624131944444444 0.5368923611111112 0.004340277777777778 0.009548611111111112
