0 0.09871608527131782 0.3489987080103359 0.011385658914728682 0.016472868217054265
0 0.9129118217054264 0.2895671834625323 0.0501453488372093 0.06944444444444445
0 0.9089147286821705 0.3407622739018088 0.037306201550387594 0.03359173126614987
0 0.11010174418604651 0.3263888888888889 0.03076550387596899 0.008074935400516795
0 0.40588662790697677 0.3462532299741602 0.004118217054263566 0.00516795865633075
0 0.3484738372093023 0.33575581395348836 0.0031492248062015503 0.004198966408268734
0 0.3001453488372093 0.3477067183462532 0.00436046511627907 0.018410852713178296
0 0.47698643410852715 0.3504521963824289 0.003875968992248062 0.006459948320413436
0 0.3006298449612403 0.3620801033591731 0.003875968992248062 0.010981912144702842
0 0.3003875968992248 0.37047803617571057 0.0029069767441860465 0.007751937984496124
