0 0.4259672619047619 0.6997354497354498 0.004712301587301587 0.006613756613756613
0 0.40587797619047616 0.7025462962962963 0.007688492063492063 0.008928571428571428
0 0.4123263888888889 0.6926256613756614 0.004216269841269841 0.005621693121693121
0 0.41803075396825395 0.7022156084656085 0.003224206349206349 0.004298941798941799
0 0.8802083333333334 0.5785383597883598 0.013888888888888888 0.00958994708994709
0 0.40612599206349204 0.6962632275132276 0.003224206349206349 0.0036375661375661374
0 0.4259672619047619 0.7060185185185185 0.004216269841269841 0.004629629629629629
0 0.4053819444444444 0.7124669312169312 0.003720238095238095 0.0023148148148148147
0 0.4208829365079365 0.7008928571428571 0.003968253968253968 0.006944444444444444
0 0.9311755952380952 0.6197089947089947 0.00818452380952381 0.05952380952380952
0 0.40600198412698413 0.6916335978835979 0.003472222222222222 0.00496031746031746
0 0.4263392857142857 0.6922949735449735 0.004464285714285714 0.007605820105820105
0 0.4056299603174603 0.7086640211640212 0.004712301587301587 0.003968253968253968
