0 0.6847245065789473 0.4755116959064328 0.010074013157894737 0.01608187134502924
0 0.3412828947368421 0.4822733918128655 0.009868421052631578 0.015716374269005847
0 0.3413856907894737 0.4473684210526316 0.010074013157894737 0.016812865497076022
0 0.8321340460526315 0.47149122807017546 0.008429276315789474 0.013157894736842105
0 0.6849300986842105 0.4559576023391813 0.010485197368421052 0.02010233918128655
0 0.6858552631578947 0.43622076023391815 0.011513157894736841 0.017178362573099414
0 0.34148848684210525 0.4652777777777778 0.010279605263157895 0.016812865497076022
0 0.8324424342105263 0.48428362573099415 0.03577302631578947 0.05847953216374269
0 0.3391241776315789 0.4919590643274854 0.004317434210526316 0.008771929824561403
0 0.40511924342105265 0.4901315789473684 0.0047286184210526315 0.00804093567251462
0 0.731188322368421 0.44371345029239767 0.057771381578947366 0.07017543859649122
