0 0.5327818627450981 0.5326797385620915 0.02144607843137255 0.028594771241830064
0 0.14552696078431374 0.6178513071895425 0.03002450980392157 0.03880718954248366
0 0.5700061274509803 0.5330882352941176 0.109375 0.0457516339869281
0 0.5706188725490197 0.5690359477124183 0.10876225490196079 0.02696078431372549
0 0.5706188725490197 0.5945669934640523 0.11060049019607843 0.024101307189542485
0 0.5631127450980392 0.6176470588235294 0.026348039215686275 0.026143790849673203
0 0.12775735294117646 0.6441993464052288 0.012254901960784314 0.013888888888888888
0 0.12622549019607843 0.6617647058823529 0.015318627450980392 0.051470588235294115
0 0.10707720588235294 0.670547385620915 0.0070465686274509805 0.013480392156862746
0 0.1096813725490196 0.647671568627451 0.007965686274509803 0.03390522875816993
