0 0.5467808734939759 0.6219879518072289 0.00470632530120482 0.0016733601070950468
0 0.6917356927710844 0.5756358768406962 0.02051957831325301 0.011378848728246318
0 0.6920180722891566 0.5642570281124498 0.0030120481927710845 0.012717536813922356
0 0.4711972891566265 0.6164658634538153 0.004894578313253012 0.0107095046854083
0 0.46074924698795183 0.5990629183400268 0.008847891566265061 0.014725568942436412
0 0.2808734939759036 0.5535475234270415 0.012424698795180723 0.024765729585006693
0 0.5345444277108434 0.6248326639892905 0.0020707831325301206 0.00535475234270415
0 0.5382153614457831 0.6183065595716198 0.005271084337349397 0.008366800535475234
0 0.5375564759036144 0.624665327978581 0.003200301204819277 0.007028112449799197
0 0.5430158132530121 0.6258366800535475 0.003200301204819277 0.0033467202141900937
0 0.5444277108433735 0.6218206157965194 0.0037650602409638554 0.00535475234270415
0 0.5642884036144579 0.6168005354752343 0.005082831325301205 0.0107095046854083
0 0.5891378012048193 0.6397255689424364 0.004329819277108434 0.007028112449799197
0 0.59375 0.6129518072289156 0.007906626506024096 0.012382864792503346
0 0.6446724397590361 0.5945448460508701 0.013365963855421686 0.03313253012048193
0 0.5588290662650602 0.6290160642570282 0.002447289156626506 0.003681392235609103
