0 0.8069196428571429 0.5853174603174603 0.01066468253968254 0.027777777777777776
0 0.7535962301587301 0.5729166666666666 0.012648809523809524 0.03009259259259259
0 0.8170882936507936 0.6096230158730159 0.005704365079365079 0.00958994708994709
0 0.6645585317460317 0.5768849206349206 0.021577380952380952 0.04398148148148148
0 0.816344246031746 0.6207010582010583 0.005208333333333333 0.010582010582010581
0 0.8360615079365079 0.6360780423280423 0.00496031746031746 0.00958994708994709
0 0.8158482142857143 0.6326058201058201 0.005208333333333333 0.009259259259259259
0 0.8366815476190477 0.6245039682539683 0.004712301587301587 0.008928571428571428
0 0.8368055555555556 0.6129298941798942 0.005456349206349206 0.008928571428571428
0 0.8077876984126984 0.5806878306878307 0.008432539682539682 0.016534391534391533
