0 0.571875 0.453525641025641 0.023076923076923078 0.023076923076923078
0 0.4506009615384615 0.5051282051282051 0.04014423076923077 0.0532051282051282
0 0.5536057692307692 0.45416666666666666 0.01201923076923077 0.020512820512820513
0 0.5671875 0.49166666666666664 0.04110576923076923 0.05448717948717949
0 0.5635817307692308 0.41586538461538464 0.040625 0.052884615384615384
0 0.4402644230769231 0.48221153846153847 0.007932692307692307 0.00608974358974359
0 0.4361778846153846 0.49903846153846154 0.004086538461538462 0.005128205128205128
0 0.4484375 0.4823717948717949 0.004086538461538462 0.0057692307692307696
0 0.46141826923076923 0.5112179487179487 0.018990384615384614 0.013461538461538462
0 0.46129807692307695 0.4969551282051282 0.0038461538461538464 0.004807692307692308
