0 0.13602941176470587 0.7673611111111112 0.007352941176470588 0.011029411764705883
0 0.6423100490196079 0.7918709150326797 0.014399509803921568 0.012663398692810458
0 0.6190257352941176 0.7479575163398693 0.016237745098039217 0.012254901960784314
0 0.32628676470588236 0.7602124183006536 0.00980392156862745 0.016339869281045753
0 0.36534926470588236 0.7624591503267973 0.009497549019607842 0.015931372549019607
0 0.39996936274509803 0.7647058823529411 0.008884803921568627 0.016339869281045753
0 0.49295343137254904 0.8345588235294118 0.006127450980392157 0.012254901960784314
0 0.6277573529411765 0.7285539215686274 0.00428921568627451 0.02900326797385621
0 0.5611213235294118 0.8155637254901961 0.022365196078431373 0.03308823529411765
0 0.5612745098039216 0.840890522875817 0.015931372549019607 0.016748366013071895
0 0.14169730392156862 0.7845179738562091 0.011948529411764705 0.014297385620915032
0 0.6541053921568627 0.7546977124183006 0.012867647058823529 0.00857843137254902
0 0.1404718137254902 0.7973856209150327 0.01133578431372549 0.011437908496732025
0 0.14261642156862744 0.7730800653594772 0.01133578431372549 0.006944444444444444
0 0.6544117647058824 0.7687908496732027 0.012867647058823529 0.016339869281045753
0 0.6548713235294118 0.7847222222222222 0.01133578431372549 0.012254901960784314
