0 0.671125 0.4513333333333333 0.02575 0.05466666666666667
0 0.52175 0.5021666666666667 0.005 0.005
0 0.71125 0.3145 0.028 0.02033333333333333
0 0.17825 0.403 0.0065 0.014
0 0.279 0.4881666666666667 0.01 0.018333333333333333
0 0.711375 0.32616666666666666 0.02375 0.023666666666666666
0 0.521 0.48083333333333333 0.0085 0.013666666666666667
0 0.521875 0.49716666666666665 0.00425 0.005
0 0.606625 0.332 0.02675 0.036
0 0.4275 0.42383333333333334 0.011 0.011
0 0.0625 0.49516666666666664 0.0075 0.011666666666666667
0 0.199125 0.43466666666666665 0.01375 0.012666666666666666
0 0.522 0.49083333333333334 0.005 0.006333333333333333
0 0.670125 0.3863333333333333 0.06675 0.08266666666666667
0 0.657625 0.25283333333333335 0.00775 0.03766666666666667
0 0.345375 0.47733333333333333 0.01325 0.005333333333333333
