0 0.32421875 0.5986111111111111 0.0234375 0.04537037037037037
0 0.3299479166666667 0.5013888888888889 0.033854166666666664 0.05648148148148148
0 0.44166666666666665 0.6699074074074074 0.019791666666666666 0.028703703703703703
0 0.46145833333333336 0.6847222222222222 0.007291666666666667 0.013888888888888888
0 0.4703125 0.6421296296296296 0.010416666666666666 0.01574074074074074
0 0.3640625 0.5925925925925926 0.021875 0.044444444444444446
0 0.46927083333333336 0.6555555555555556 0.00625 0.005555555555555556
0 0.33098958333333334 0.5222222222222223 0.04635416666666667 0.10925925925925926
0 0.3729166666666667 0.6370370370370371 0.009375 0.011111111111111112
0 0.4700520833333333 0.6824074074074075 0.009895833333333333 0.016666666666666666
0 0.3645833333333333 0.5824074074074074 0.008333333333333333 0.014814814814814815
0 0.37421875 0.6180555555555556 0.0140625 0.023148148148148147
