0 0.61328125 0.7 0.008854166666666666 0.027777777777777776
0 0.06380208333333333 0.3685185185185185 0.05260416666666667 0.15
0 0.57265625 0.7069444444444445 0.0078125 0.017592592592592594
0 0.14635416666666667 0.46111111111111114 0.013541666666666667 0.04259259259259259
0 0.03307291666666667 0.6106481481481482 0.019270833333333334 0.07685185185185185
0 0.14557291666666666 0.4976851851851852 0.016145833333333335 0.041666666666666664
0 0.45338541666666665 0.7083333333333334 0.0078125 0.018518518518518517
0 0.12161458333333333 0.5037037037037037 0.0265625 0.044444444444444446
0 0.43203125 0.6902777777777778 0.0067708333333333336 0.012037037037037037
0 0.43203125 0.6962962962962963 0.0109375 0.02962962962962963
0 0.12630208333333334 0.44537037037037036 0.028645833333333332 0.05925925925925926
