0 0.4901041666666667 0.5 0.009375 0.020370370370370372
0 0.8286458333333333 0.26157407407407407 0.013541666666666667 0.05277777777777778
0 0.47942708333333334 0.3958333333333333 0.011979166666666667 0.025
0 0.9364583333333333 0.19583333333333333 0.030208333333333334 0.04722222222222222
0 0.15442708333333333 0.40046296296296297 0.011979166666666667 0.017592592592592594
0 0.13645833333333332 0.39444444444444443 0.008333333333333333 0.03333333333333333
0 0.48932291666666666 0.5175925925925926 0.0078125 0.014814814814814815
0 0.6223958333333334 0.3912037037037037 0.023958333333333335 0.013888888888888888
0 0.06640625 0.5625 0.0140625 0.025
0 0.6005208333333333 0.49907407407407406 0.00625 0.014814814814814815
0 0.0609375 0.36944444444444446 0.011458333333333333 0.03518518518518519
