0 0.08006298449612403 0.5069444444444444 0.012839147286821706 0.0229328165374677
0 0.5471172480620154 0.19266795865633074 0.014777131782945737 0.01905684754521964
0 0.22323158914728683 0.5474806201550387 0.010901162790697675 0.014211886304909561
0 0.3737887596899225 0.5203488372093024 0.0048449612403100775 0.005813953488372093
0 0.08006298449612403 0.5200258397932817 0.00944767441860465 0.001937984496124031
0 0.07957848837209303 0.5308462532299741 0.008478682170542635 0.01582687338501292
0 0.577640503875969 0.19266795865633074 0.012839147286821706 0.018410852713178296
0 0.7349806201550387 0.36143410852713176 0.016472868217054265 0.020025839793281652
0 0.374031007751938 0.5251937984496124 0.0048449612403100775 0.003875968992248062
0 0.5812742248062015 0.5080749354005168 0.008963178294573644 0.004521963824289405
0 0.7552083333333334 0.3627260981912145 0.014292635658914728 0.020671834625323
0 0.30450581395348836 0.5482881136950905 0.003391472868217054 0.005490956072351421
0 0.1776889534883721 0.5027454780361758 0.0026647286821705426 0.004198966408268734
0 0.3077761627906977 0.5415051679586563 0.018653100775193797 0.01970284237726098
0 0.17781007751937986 0.49531653746770027 0.014534883720930232 0.0229328165374677
