0 0.4946676587301587 0.4859457671957672 0.014136904761904762 0.01488095238095238
0 0.2683531746031746 0.3587962962962963 0.07936507936507936 0.07142857142857142
0 0.2371031746031746 0.314484126984127 0.012896825396825396 0.017857142857142856
0 0.41195436507936506 0.4849537037037037 0.008432539682539682 0.017526455026455025
0 0.49107142857142855 0.37450396825396826 0.07837301587301587 0.08432539682539683
0 0.4949156746031746 0.47354497354497355 0.014632936507936508 0.009259259259259259
0 0.24367559523809523 0.3559854497354497 0.016617063492063492 0.02414021164021164
0 0.29575892857142855 0.4935515873015873 0.004712301587301587 0.006283068783068783
0 0.31262400793650796 0.4871031746031746 0.004712301587301587 0.007936507936507936
0 0.3402777777777778 0.4818121693121693 0.01240079365079365 0.013227513227513227
