0 0.4931640625 0.6552734375 0.0078125 0.008463541666666666
0 0.496826171875 0.63671875 0.00732421875 0.01171875
0 0.493408203125 0.64453125 0.00830078125 0.01171875
0 0.4970703125 0.6246744791666666 0.0078125 0.012369791666666666
0 0.522705078125 0.6383463541666666 0.01025390625 0.014973958333333334
0 0.674560546875 0.5999348958333334 0.01220703125 0.027994791666666668
0 0.6767578125 0.5712890625 0.021484375 0.029296875
0 0.333740234375 0.6315104166666666 0.00341796875 0.013020833333333334
0 0.3115234375 0.6276041666666666 0.0029296875 0.01171875
0 0.3115234375 0.6370442708333334 0.0029296875 0.008463541666666666
0 0.677490234375 0.6217447916666666 0.00439453125 0.014322916666666666
