0 0.644 0.44416666666666665 0.05 0.049
0 0.188 0.5135 0.01 0.015666666666666666
0 0.405875 0.508 0.00975 0.018666666666666668
0 0.2635 0.47833333333333333 0.0315 0.06333333333333334
0 0.210375 0.4766666666666667 0.01825 0.011333333333333334
0 0.406 0.5218333333333334 0.0075 0.006333333333333333
0 0.522875 0.5121666666666667 0.00525 0.007666666666666666
0 0.35075 0.5325 0.0065 0.009
0 0.18775 0.5255 0.011 0.009
0 0.17975 0.5213333333333333 0.0105 0.008666666666666666
0 0.16925 0.5275 0.007 0.011
