0 0.625244140625 0.55859375 0.00732421875 0.010416666666666666
0 0.7744140625 0.017578125 0.44921875 0.03515625
0 0.43115234375 0.5579427083333334 0.0302734375 0.016927083333333332
0 0.537841796875 0.5735677083333334 0.01123046875 0.0234375
0 0.60888671875 0.544921875 0.0263671875 0.049479166666666664
0 0.593505859375 0.55859375 0.01416015625 0.02734375
0 0.5927734375 0.5406901041666666 0.013671875 0.011067708333333334
0 0.62158203125 0.5944010416666666 0.0224609375 0.05078125
0 0.53759765625 0.5579427083333334 0.0107421875 0.006510416666666667
0 0.539306640625 0.5904947916666666 0.01025390625 0.006510416666666667
0 0.268798828125 0.5791015625 0.01318359375 0.021484375
0 0.26904296875 0.5628255208333334 0.0126953125 0.008463541666666666
0 0.144775390625 0.5465494791666666 0.01025390625 0.018880208333333332
0 0.26904296875 0.5953776041666666 0.0126953125 0.008463541666666666
0 0.7568359375 0.5589192708333334 0.009765625 0.012369791666666666
0 0.12890625 0.546875 0.015625 0.018229166666666668
