0 0.16121031746031747 0.654265873015873 0.023313492063492064 0.012235449735449735
0 0.7473958333333334 0.6488095238095238 0.04290674603174603 0.023148148148148147
0 0.7274305555555556 0.6651785714285714 0.013392857142857142 0.006944444444444444
0 0.6762152777777778 0.6603835978835979 0.01711309523809524 0.021164021164021163
0 0.7152777777777778 0.6665013227513228 0.008928571428571428 0.007605820105820105
0 0.6767113095238095 0.6595568783068783 0.005208333333333333 0.006283068783068783
0 0.6307043650793651 0.6752645502645502 0.002976190476190476 0.007936507936507936
0 0.7533482142857143 0.6430224867724867 0.011160714285714286 0.028769841269841268
0 0.6442212301587301 0.6764219576719577 0.004216269841269841 0.004298941798941799
0 0.6484375 0.6825396825396826 0.007688492063492063 0.009259259259259259
0 0.7141617063492064 0.634755291005291 0.010168650793650794 0.007605820105820105
0 0.7142857142857143 0.6418650793650794 0.010416666666666666 0.005952380952380952
0 0.644469246031746 0.6716269841269841 0.005208333333333333 0.005291005291005291
0 0.6438492063492064 0.6648478835978836 0.005456349206349206 0.00958994708994709
0 0.7145337301587301 0.6474867724867724 0.010416666666666666 0.006613756613756613
0 0.714905753968254 0.656415343915344 0.01066468253968254 0.013227513227513227
