0 0.6755642361111112 0.7262521588946459 0.009114583333333334 0.018998272884283247
0 0.3559027777777778 0.7724525043177893 0.01171875 0.022452504317789293
0 0.7654079861111112 0.7361830742659758 0.009982638888888888 0.006044905008635579
0 0.7652994791666666 0.7428756476683938 0.009765625 0.005613126079447323
0 0.7652994791666666 0.7480569948186528 0.009765625 0.004749568221070812
0 0.4174262152777778 0.7886442141623489 0.003689236111111111 0.007340241796200345
0 0.3020833333333333 0.7793609671848014 0.0026041666666666665 0.0051813471502590676
0 0.765625 0.7605785837651122 0.008680555555555556 0.0038860103626943004
0 0.4690755208333333 0.7800086355785838 0.004557291666666667 0.011658031088082901
0 0.7662760416666666 0.7547495682210709 0.009548611111111112 0.004317789291882556
