0 0.6587301587301587 0.6549272486772487 0.012896825396825396 0.016203703703703703
0 0.5100446428571429 0.10119047619047619 0.0716765873015873 0.14153439153439154
0 0.5835813492063492 0.6499669312169312 0.017361111111111112 0.0248015873015873
0 0.566468253968254 0.6557539682539683 0.010416666666666666 0.015873015873015872
0 0.8921130952380952 0.6617063492063492 0.012896825396825396 0.041005291005291
0 0.6728670634920635 0.6595568783068783 0.015873015873015872 0.015542328042328041
0 0.5107886904761905 0.09441137566137567 0.03546626984126984 0.04861111111111111
0 0.6538938492063492 0.644510582010582 0.004712301587301587 0.006613756613756613
0 0.5125248015873016 0.20072751322751323 0.1148313492063492 0.06481481481481481
0 0.6266121031746031 0.6638558201058201 0.007192460317460317 0.00958994708994709
