0 0.6145833333333334 0.6727941176470589 0.0196078431372549 0.026143790849673203
0 0.6043198529411765 0.690359477124183 0.006433823529411764 0.007352941176470588
0 0.6124387254901961 0.6474673202614379 0.0196078431372549 0.02287581699346405
0 0.6662071078431373 0.6358251633986928 0.0548406862745098 0.06495098039215687
0 0.6331188725490197 0.6736111111111112 0.015012254901960785 0.02042483660130719
0 0.41911764705882354 0.6629901960784313 0.00980392156862745 0.01715686274509804
0 0.4727328431372549 0.6970996732026143 0.009191176470588236 0.012663398692810458
0 0.639859068627451 0.7103758169934641 0.013786764705882353 0.008986928104575163
0 0.6677389705882353 0.6803513071895425 0.029105392156862746 0.020016339869281044
0 0.5808823529411765 0.6981209150326797 0.004901960784313725 0.007352941176470588
