0 0.5850694444444444 0.654320987654321 0.008928571428571428 0.021164021164021163
0 0.8611111111111112 0.5288800705467372 0.041666666666666664 0.09126984126984126
0 0.5395585317460317 0.6655643738977073 0.006696428571428571 0.011904761904761904
0 0.8511904761904762 0.6047178130511464 0.019345238095238096 0.05335097001763668
0 0.591765873015873 0.6058201058201058 0.020337301587301588 0.013227513227513227
0 0.5540674603174603 0.6644620811287478 0.003968253968253968 0.007936507936507936
0 0.6541418650793651 0.6635802469135802 0.004216269841269841 0.02204585537918871
0 0.533234126984127 0.6706349206349206 0.005952380952380952 0.01146384479717813
0 0.6202876984126984 0.6655643738977073 0.004464285714285714 0.018077601410934743
0 0.35553075396825395 0.6631393298059964 0.01314484126984127 0.02292768959435626
0 0.5510912698412699 0.6604938271604939 0.004464285714285714 0.01763668430335097
