0 0.2913602941176471 0.7199754901960784 0.01715686274509804 0.00857843137254902
0 0.8000919117647058 0.48080065359477125 0.06954656862745098 0.07352941176470588
0 0.5105698529411765 0.7015931372549019 0.006433823529411764 0.012663398692810458
0 0.4446997549019608 0.6190767973856209 0.043198529411764705 0.03553921568627451
0 0.34420955882352944 0.6905637254901961 0.01011029411764706 0.01511437908496732
0 0.34482230392156865 0.7079248366013072 0.01133578431372549 0.0196078431372549
0 0.34528186274509803 0.7361111111111112 0.010416666666666666 0.013888888888888888
0 0.46706495098039214 0.5761846405228758 0.017463235294117647 0.023284313725490197
0 0.5784313725490197 0.6924019607843137 0.006127450980392157 0.011437908496732025
0 0.5856311274509803 0.6701388888888888 0.016237745098039217 0.02900326797385621
0 0.6829044117647058 0.6799428104575164 0.020833333333333332 0.020016339869281044
0 0.6848958333333334 0.6983251633986928 0.013174019607843137 0.01919934640522876
0 0.7391237745098039 0.6256127450980392 0.01133578431372549 0.025735294117647058
0 0.6859681372549019 0.7124183006535948 0.014093137254901961 0.008169934640522876
0 0.6868872549019608 0.7230392156862745 0.011642156862745098 0.012254901960784314
0 0.4325980392156863 0.6131535947712419 0.015318627450980392 0.01715686274509804
0 0.40579044117647056 0.7124183006535948 0.003982843137254902 0.006535947712418301
0 0.5811887254901961 0.6627859477124183 0.004901960784313725 0.006944444444444444
