0 0.5210813492063492 0.4150132275132275 0.06448412698412699 0.06349206349206349
0 0.6846478174603174 0.4991732804232804 0.02058531746031746 0.022156084656084655
0 0.6848958333333334 0.4836309523809524 0.020089285714285716 0.011574074074074073
0 0.6047867063492064 0.3941798941798942 0.03993055555555555 0.013888888888888888
0 0.5896577380952381 0.4176587301587302 0.06870039682539683 0.03902116402116402
0 0.4986359126984127 0.39599867724867727 0.011656746031746032 0.016865079365079364
0 0.15104166666666666 0.44990079365079366 0.003968253968253968 0.007605820105820105
0 0.5184771825396826 0.39715608465608465 0.011160714285714286 0.01521164021164021
0 0.5710565476190477 0.41121031746031744 0.012152777777777778 0.01488095238095238
0 0.5500992063492064 0.5069444444444444 0.005952380952380952 0.005952380952380952
0 0.5669642857142857 0.5107473544973545 0.003968253968253968 0.0036375661375661374
0 0.5772569444444444 0.5085978835978836 0.004216269841269841 0.004629629629629629
