0 0.54075 0.4215 0.0145 0.013666666666666667
0 0.342875 0.376 0.01075 0.022
0 0.55525 0.39 0.0045 0.007333333333333333
0 0.373 0.36866666666666664 0.01 0.012
0 0.199875 0.3441666666666667 0.01275 0.015
0 0.555375 0.3973333333333333 0.00475 0.007333333333333333
0 0.16425 0.36533333333333334 0.0105 0.022
0 0.386 0.38533333333333336 0.009 0.016666666666666666
0 0.407125 0.3933333333333333 0.00825 0.012
0 0.608875 0.43416666666666665 0.01825 0.034333333333333334
0 0.541375 0.4045 0.01275 0.018333333333333333
0 0.40675 0.38383333333333336 0.0045 0.005666666666666667
0 0.54975 0.39116666666666666 0.0045 0.007666666666666666
0 0.38675 0.42283333333333334 0.0075 0.01633333333333333
0 0.4755 0.4043333333333333 0.003 0.01
0 0.47275 0.4026666666666667 0.0045 0.006
0 0.386625 0.436 0.00775 0.011333333333333334
0 0.971625 0.3685 0.04225 0.05566666666666667
0 0.550125 0.38516666666666666 0.00525 0.005
0 0.96925 0.4335 0.022 0.027
0 0.199625 0.3546666666666667 0.01275 0.004666666666666667
0 0.4725 0.408 0.004 0.004666666666666667
0 0.550125 0.38016666666666665 0.00225 0.0036666666666666666
0 0.472875 0.413 0.00275 0.004
0 0.373 0.37616666666666665 0.008 0.004333333333333333
0 0.16425 0.36683333333333334 0.008 0.010333333333333333
0 0.385875 0.3868333333333333 0.00625 0.008333333333333333
0 0.609125 0.42833333333333334 0.01125 0.014666666666666666
