0 0.5010353915662651 0.6653279785809906 0.005082831325301205 0.004685408299866131
0 0.4997176204819277 0.6710174029451138 0.002447289156626506 0.004685408299866131
0 0.3309487951807229 0.6261713520749665 0.007906626506024096 0.006024096385542169
0 0.234375 0.6521084337349398 0.0030120481927710845 0.007028112449799197
0 0.5011295180722891 0.661479250334672 0.007530120481927711 0.0030120481927710845
0 0.30835843373493976 0.6579651941097724 0.00338855421686747 0.008032128514056224
0 0.30374623493975905 0.6310240963855421 0.012612951807228916 0.007697456492637216
0 0.3036521084337349 0.6477576974564926 0.0018825301204819277 0.019745649263721552
0 0.3299134036144578 0.6373828647925034 0.0035768072289156625 0.004350736278447122
0 0.3182417168674699 0.6547858099062919 0.001694277108433735 0.009036144578313253
0 0.4367469879518072 0.6539491298527443 0.004894578313253012 0.002677376171352075
0 0.6116340361445783 0.5933734939759037 0.008283132530120483 0.0214190093708166
0 0.6180346385542169 0.6208165997322623 0.018448795180722892 0.03346720214190094
0 0.6170933734939759 0.5948795180722891 0.01882530120481928 0.019745649263721552
0 0.6209525602409639 0.6487617135207496 0.017884036144578314 0.019745649263721552
