0 0.8048406862745098 0.5433006535947712 0.01715686274509804 0.021241830065359478
0 0.7777267156862745 0.5712826797385621 0.017463235294117647 0.02165032679738562
0 0.7777267156862745 0.514297385620915 0.017463235294117647 0.02287581699346405
0 0.8325674019607843 0.5720996732026143 0.021139705882352942 0.023284313725490197
0 0.8324142156862745 0.5130718954248366 0.018995098039215685 0.02287581699346405
0 0.7777267156862745 0.5428921568627451 0.019301470588235295 0.02369281045751634
0 0.8053002450980392 0.5447303921568627 0.09037990196078431 0.0951797385620915
0 0.8045343137254902 0.5714869281045751 0.018995098039215685 0.02369281045751634
0 0.8048406862745098 0.514297385620915 0.018995098039215685 0.024509803921568627
0 0.8327205882352942 0.5424836601307189 0.01838235294117647 0.02369281045751634
