0 0.8713795731707317 0.728319783197832 0.01486280487804878 0.025745257452574527
0 0.4692263719512195 0.6683604336043361 0.028391768292682928 0.04200542005420054
0 0.2613376524390244 0.6959688346883469 0.010099085365853659 0.03353658536585366
0 0.009908536585365854 0.5282859078590786 0.019817073170731708 0.06131436314363144
0 0.4831364329268293 0.7176490514905149 0.009336890243902439 0.017953929539295393
0 0.6893102134146342 0.7035907859078591 0.00743140243902439 0.014905149051490514
0 0.4055830792682927 0.6841124661246613 0.006288109756097561 0.011856368563685637
0 0.9354039634146342 0.7408536585365854 0.008003048780487805 0.024390243902439025
0 0.9350228658536586 0.7349254742547425 0.004954268292682927 0.010501355013550135
0 0.8718559451219512 0.7247628726287263 0.013147865853658536 0.01659891598915989
