0 0.8503224206349206 0.6760912698412699 0.05282738095238095 0.08961640211640212
0 0.8634672619047619 0.2769510582010582 0.04985119047619048 0.07374338624338625
0 0.8602430555555556 0.35730820105820105 0.040426587301587304 0.07572751322751323
0 0.5889136904761905 0.3014219576719577 0.04985119047619048 0.08300264550264551
0 0.5939980158730159 0.8670634920634921 0.053075396825396824 0.07671957671957672
0 0.8436259920634921 0.90244708994709 0.04439484126984127 0.06349206349206349
0 0.5925099206349206 0.9624669312169312 0.05009920634920635 0.0744047619047619
0 0.8461061507936508 0.7503306878306878 0.03943452380952381 0.06746031746031746
0 0.5887896825396826 0.390542328042328 0.052083333333333336 0.08002645502645503
0 0.8534226190476191 0.5170304232804233 0.047619047619047616 0.07242063492063493
0 0.8601190476190477 0.43369708994708994 0.0496031746031746 0.07572751322751323
0 0.5870535714285714 0.6121031746031746 0.05555555555555555 0.08465608465608465
0 0.5870535714285714 0.6967592592592593 0.05555555555555555 0.08134920634920635
0 0.5865575396825397 0.7900132275132276 0.052083333333333336 0.08002645502645503
0 0.845734126984127 0.8291997354497355 0.0441468253968254 0.07374338624338625
0 0.8426339285714286 0.9713955026455027 0.057787698412698416 0.05257936507936508
