0 0.6188817771084337 0.45163989290495316 0.012612951807228916 0.01639892904953146
0 0.9454066265060241 0.3373493975903614 0.10805722891566265 0.20682730923694778
0 0.6584149096385542 0.43089022757697454 0.01223644578313253 0.028447121820615796
0 0.4036144578313253 0.4748995983935743 0.005647590361445783 0.010040160642570281
0 0.618128765060241 0.43356760374832665 0.010730421686746988 0.019745649263721552
0 0.748023343373494 0.42720883534136544 0.006965361445783132 0.01104417670682731
0 0.9408885542168675 0.14123159303882196 0.07228915662650602 0.18340026773761714
0 0.7483998493975904 0.4364123159303882 0.00809487951807229 0.007362784471218206
0 0.7486822289156626 0.44879518072289154 0.008659638554216868 0.01740294511378849
0 0.7780496987951807 0.4387550200803213 0.006400602409638554 0.012048192771084338
0 0.02033132530120482 0.5271084337349398 0.011671686746987951 0.020749665327978582
0 0.4029555722891566 0.46117804551539493 0.0062123493975903615 0.015394912985274432
0 0.021554969879518073 0.5413319946452476 0.01148343373493976 0.015060240963855422
0 0.8069465361445783 0.4400937081659973 0.00809487951807229 0.012717536813922356
