0 0.6096813725490197 0.5814950980392157 0.0196078431372549 0.025735294117647058
0 0.6263786764705882 0.5910947712418301 0.01133578431372549 0.008169934640522876
0 0.6559436274509803 0.5898692810457516 0.004901960784313725 0.007352941176470588
0 0.6819852941176471 0.5915032679738562 0.00428921568627451 0.006535947712418301
0 0.6090686274509803 0.6013071895424836 0.0196078431372549 0.013888888888888888
0 0.6697303921568627 0.5929330065359477 0.0030637254901960784 0.0053104575163398695
0 0.6407781862745098 0.5976307189542484 0.0070465686274509805 0.0032679738562091504
0 0.6559436274509803 0.5816993464052288 0.0055147058823529415 0.007352941176470588
0 0.6818321078431373 0.5976307189542484 0.004595588235294118 0.004901960784313725
0 0.6410845588235294 0.5947712418300654 0.0033700980392156864 0.005718954248366013
0 0.6737132352941176 0.5970179738562091 0.00980392156862745 0.0028594771241830064
0 0.6272977941176471 0.579452614379085 0.010723039215686275 0.016748366013071895
