0 0.4575674019607843 0.5950435729847494 0.0033700980392156864 0.009259259259259259
0 0.46292892156862747 0.5947712418300654 0.004901960784313725 0.008714596949891068
0 0.4713541666666667 0.5942265795206971 0.005821078431372549 0.00980392156862745
0 0.4808517156862745 0.5934095860566448 0.006433823529411764 0.009259259259259259
0 0.49142156862745096 0.5934095860566448 0.007352941176470588 0.009259259259259259
0 0.5044424019607843 0.5934095860566448 0.01011029411764706 0.009259259259259259
0 0.5191482843137255 0.5939542483660131 0.009497549019607842 0.010348583877995643
0 0.5353860294117647 0.5934095860566448 0.01133578431372549 0.008169934640522876
0 0.5537683823529411 0.5934095860566448 0.01133578431372549 0.008169934640522876
0 0.7012867647058824 0.5923202614379085 0.009191176470588236 0.007080610021786492
0 0.6441482843137255 0.5547385620915033 0.013174019607843137 0.022331154684095862
0 0.7552083333333334 0.4596949891067538 0.03125 0.05010893246187364
0 0.7555147058823529 0.5089869281045751 0.026348039215686275 0.046296296296296294
