0 0.6607680722891566 0.04836010709504685 0.043298192771084335 0.028447121820615796
0 0.662085843373494 0.08165997322623829 0.04743975903614458 0.09370816599732262
0 0.9946347891566265 0.2935073627844712 0.010353915662650603 0.03748326639892905
0 0.4349585843373494 0.7461512717536813 0.005082831325301205 0.01639892904953146
0 0.7777673192771084 0.6378848728246319 0.009977409638554216 0.024765729585006693
0 0.7794615963855421 0.6633199464524766 0.009977409638554216 0.025435073627844713
0 0.721667921686747 0.6760374832663989 0.010730421686746988 0.020749665327978582
0 0.6889118975903614 0.7116800535475234 0.003953313253012048 0.01104417670682731
0 0.6604856927710844 0.7101740294511378 0.00470632530120482 0.011378848728246318
0 0.6624623493975904 0.09220214190093708 0.045180722891566265 0.07463186077643909
