0 0.3083639705882353 0.7023420479302832 0.015625 0.010348583877995643
0 0.3915441176470588 0.5111655773420479 0.012867647058823529 0.021241830065359478
0 0.3756127450980392 0.5462962962962963 0.012867647058823529 0.023965141612200435
0 0.30713848039215685 0.5419389978213508 0.013786764705882353 0.02287581699346405
0 0.18259803921568626 0.6023965141612201 0.007965686274509803 0.02505446623093682
0 0.22104779411764705 0.5509259259259259 0.01011029411764706 0.004901960784313725
0 0.22166053921568626 0.5364923747276689 0.013786764705882353 0.023965141612200435
0 0.23606004901960784 0.5375816993464052 0.013786764705882353 0.02287581699346405
0 0.39169730392156865 0.5310457516339869 0.008884803921568627 0.014161220043572984
0 0.23636642156862744 0.5136165577342048 0.01133578431372549 0.006535947712418301
0 0.3866421568627451 0.664760348583878 0.006740196078431373 0.010348583877995643
0 0.39276960784313725 0.6601307189542484 0.004901960784313725 0.011982570806100218
0 0.2522977941176471 0.6348039215686274 0.021139705882352942 0.022331154684095862
0 0.2757352941176471 0.6356209150326797 0.020833333333333332 0.020697167755991286
0 0.29886642156862747 0.6358932461873639 0.020526960784313725 0.021241830065359478
0 0.32827818627450983 0.6361655773420479 0.026041666666666668 0.020697167755991286
0 0.29411764705882354 0.7028867102396514 0.00980392156862745 0.009259259259259259
0 0.23667279411764705 0.49836601307189543 0.013786764705882353 0.02287581699346405
0 0.42080269607843135 0.6476034858387799 0.008884803921568627 0.02178649237472767
