0 0.45349702380952384 0.542989417989418 0.004712301587301587 0.006613756613756613
0 0.7059771825396826 0.5646494708994709 0.003224206349206349 0.00496031746031746
0 0.6417410714285714 0.5666335978835979 0.003720238095238095 0.005621693121693121
0 0.5499751984126984 0.5395171957671958 0.018601190476190476 0.02414021164021164
0 0.453125 0.5466269841269841 0.008432539682539682 0.015873015873015872
0 0.5487351190476191 0.515707671957672 0.021577380952380952 0.012235449735449735
0 0.36904761904761907 0.5672949735449735 0.003968253968253968 0.008267195767195767
0 0.5049603174603174 0.5689484126984127 0.006944444444444444 0.09953703703703703
0 0.5768849206349206 0.5734126984126984 0.00496031746031746 0.01455026455026455
0 0.6253720238095238 0.5679563492063492 0.007688492063492063 0.008928571428571428
0 0.5767609126984127 0.5701058201058201 0.002728174603174603 0.004629629629629629
0 0.6419890873015873 0.5694444444444444 0.005208333333333333 0.013888888888888888
0 0.7062251984126984 0.5677910052910053 0.005208333333333333 0.013227513227513227
