0 0.4525049603174603 0.5577050264550265 0.0220734126984127 0.02943121693121693
0 0.4887152777777778 0.7291666666666666 0.003224206349206349 0.005952380952380952
0 0.48921130952380953 0.7349537037037037 0.003720238095238095 0.006283068783068783
0 0.4020337301587302 0.7008928571428571 0.003472222222222222 0.016865079365079364
0 0.8128720238095238 0.7126322751322751 0.005208333333333333 0.01984126984126984
0 0.4347718253968254 0.7035383597883598 0.003472222222222222 0.02414021164021164
0 0.4645337301587302 0.722718253968254 0.005456349206349206 0.006944444444444444
0 0.4959077380952381 0.7126322751322751 0.007688492063492063 0.005291005291005291
0 0.5016121031746031 0.5854828042328042 0.016617063492063492 0.016865079365079364
0 0.48896329365079366 0.7235449735449735 0.003720238095238095 0.005952380952380952
0 0.5213293650793651 0.6450066137566137 0.007936507936507936 0.00958994708994709
0 0.4010416666666667 0.7192460317460317 0.005456349206349206 0.017857142857142856
0 0.5250496031746031 0.6964285714285714 0.002976190476190476 0.003968253968253968
0 0.45188492063492064 0.5861441798941799 0.022321428571428572 0.027447089947089946
0 0.6192956349206349 0.5443121693121693 0.040674603174603176 0.013227513227513227
0 0.5337301587301587 0.7109788359788359 0.003472222222222222 0.005952380952380952
0 0.6189236111111112 0.5171957671957672 0.040426587301587304 0.03902116402116402
0 0.6851438492063492 0.7040343915343915 0.007688492063492063 0.010582010582010581
0 0.5209573412698413 0.646494708994709 0.054811507936507936 0.07473544973544974
0 0.6298363095238095 0.7428902116402116 0.003720238095238095 0.005621693121693121
0 0.47780257936507936 0.7311507936507936 0.002232142857142857 0.012566137566137565
