0 0.40512048192771083 0.45732931726907633 0.0391566265060241 0.06994645247657295
0 0.5855923694779116 0.6337014725568942 0.01857429718875502 0.028447121820615796
0 0.4464106425702811 0.749665327978581 0.008785140562248996 0.011378848728246318
0 0.4866967871485944 0.7269076305220884 0.013052208835341365 0.01606425702811245
0 0.5876004016064257 0.6556224899598394 0.00853413654618474 0.011378848728246318
0 0.5129267068273092 0.6921017402945113 0.012801204819277108 0.020749665327978582
0 0.513679718875502 0.7081659973226239 0.012299196787148595 0.012048192771084338
0 0.5122991967871486 0.678045515394913 0.01104417670682731 0.007362784471218206
0 0.5887299196787149 0.6735274431057564 0.010291164658634538 0.007028112449799197
0 0.5148092369477911 0.7213855421686747 0.012048192771084338 0.01104417670682731
0 0.5882279116465864 0.6586345381526104 0.01179718875502008 0.020080321285140562
0 0.47540160642570284 0.7342704149933066 0.009538152610441768 0.01606425702811245
0 0.5235943775100401 0.6867469879518072 0.006526104417670682 0.014056224899598393
0 0.5243473895582329 0.7009705488621151 0.007028112449799197 0.013721552878179385
0 0.4866967871485944 0.7396251673360107 0.009036144578313253 0.008032128514056224
0 0.8560491967871486 0.321954484605087 0.025853413654618473 0.12382864792503347
