0 0.3343253968253968 0.43882275132275134 0.01636904761904762 0.01455026455026455
0 0.4857390873015873 0.5249669312169312 0.014632936507936508 0.01951058201058201
0 0.4867311507936508 0.5013227513227513 0.014632936507936508 0.01984126984126984
0 0.3257688492063492 0.5325727513227513 0.023065476190476192 0.030753968253968252
0 0.25744047619047616 0.50380291005291 0.01636904761904762 0.021494708994708994
0 0.8759920634920635 0.3272156084656085 0.17410714285714285 0.24371693121693122
0 0.3353174603174603 0.41898148148148145 0.020337301587301588 0.026455026455026454
0 0.3325892857142857 0.4791666666666667 0.018849206349206348 0.06547619047619048
0 0.33209325396825395 0.5140542328042328 0.009424603174603174 0.006283068783068783
0 0.32514880952380953 0.5631613756613757 0.010416666666666666 0.021825396825396824
