0 0.6803002450980392 0.5692401960784313 0.013174019607843137 0.010212418300653595
0 0.8612132352941176 0.5212418300653595 0.011029411764705883 0.02696078431372549
0 0.6792279411764706 0.5520833333333334 0.017769607843137254 0.023284313725490197
0 0.7567401960784313 0.5100081699346405 0.04350490196078431 0.05841503267973856
0 0.8639705882352942 0.5543300653594772 0.014093137254901961 0.035130718954248366
0 0.6153492647058824 0.5853758169934641 0.005821078431372549 0.007352941176470588
0 0.6464460784313726 0.5737336601307189 0.015318627450980392 0.020833333333333332
0 0.7605698529411765 0.5494281045751634 0.0272671568627451 0.0196078431372549
0 0.5997242647058824 0.5778186274509803 0.010723039215686275 0.012663398692810458
0 0.23085171568627452 0.5947712418300654 0.016237745098039217 0.021241830065359478
0 0.23345588235294118 0.6119281045751634 0.010416666666666666 0.015522875816993464
0 0.5500919117647058 0.5927287581699346 0.004595588235294118 0.006535947712418301
0 0.6001838235294118 0.5874183006535948 0.006740196078431373 0.005718954248366013
0 0.5392156862745098 0.5933415032679739 0.004901960784313725 0.004493464052287581
0 0.5068933823529411 0.576797385620915 0.002144607843137255 0.004901960784313725
0 0.35263480392156865 0.5892565359477124 0.0024509803921568627 0.0053104575163398695
0 0.3720894607843137 0.5900735294117647 0.007659313725490196 0.006944444444444444
0 0.2345281862745098 0.6268382352941176 0.015625 0.01838235294117647
0 0.5137867647058824 0.5765931372549019 0.011029411764705883 0.004493464052287581
0 0.5004595588235294 0.5774101307189542 0.0027573529411764708 0.006127450980392157
0 0.5038296568627451 0.5772058823529411 0.003982843137254902 0.005718954248366013
0 0.5349264705882353 0.5761846405228758 0.003676470588235294 0.006127450980392157
0 0.36611519607843135 0.5898692810457516 0.001838235294117647 0.004901960784313725
0 0.13082107843137256 0.6313316993464052 0.007352941176470588 0.011029411764705883
