0 0.3185763888888889 0.7194113756613757 0.014136904761904762 0.018849206349206348
0 0.49107142857142855 0.740244708994709 0.011408730158730158 0.015542328042328041
0 0.544890873015873 0.7447089947089947 0.00744047619047619 0.009259259259259259
0 0.31882440476190477 0.7387566137566137 0.014632936507936508 0.018518518518518517
0 0.4523809523809524 0.7447089947089947 0.006944444444444444 0.009259259259259259
0 0.31845238095238093 0.7521494708994709 0.00992063492063492 0.007605820105820105
0 0.2113095238095238 0.7309854497354498 0.03273809523809524 0.011574074074074073
0 0.43353174603174605 0.7561177248677249 0.015376984126984126 0.016865079365079364
0 0.7549603174603174 0.761739417989418 0.00992063492063492 0.02414021164021164
0 0.5582837301587301 0.7541335978835979 0.016865079365079364 0.016865079365079364
0 0.7527281746031746 0.7164351851851852 0.009424603174603174 0.035383597883597885
0 0.7543402777777778 0.7427248677248677 0.009672619047619048 0.013227513227513227
