0 0.431640625 0.5973958333333333 0.02265625 0.007291666666666667
0 0.4828125 0.6028645833333334 0.01015625 0.009895833333333333
0 0.441796875 0.6325520833333333 0.0078125 0.0109375
0 0.251171875 0.6565104166666667 0.0125 0.021354166666666667
0 0.9740234375 0.58984375 0.051171875 0.1078125
0 0.9890625 0.6947916666666667 0.02109375 0.10729166666666666
0 0.284765625 0.6307291666666667 0.01328125 0.016666666666666666
0 0.3390625 0.63359375 0.00703125 0.008854166666666666
0 0.4833984375 0.6098958333333333 0.005078125 0.004166666666666667
0 0.4375 0.63203125 0.00546875 0.008854166666666666
0 0.4375 0.62109375 0.0046875 0.0046875
0 0.2947265625 0.6497395833333334 0.006640625 0.0265625
0 0.3146484375 0.646875 0.005078125 0.022916666666666665
0 0.2673828125 0.6533854166666667 0.006640625 0.0296875
0 0.3216796875 0.64765625 0.004296875 0.0203125
0 0.3080078125 0.6489583333333333 0.005078125 0.025
