0 0.6341552734375 0.4223090277777778 0.046142578125 0.0720486111111111
0 0.48193359375 0.6000434027777778 0.013671875 0.024739583333333332
0 0.482666015625 0.5759548611111112 0.0126953125 0.021701388888888888
0 0.6336669921875 0.4991319444444444 0.046630859375 0.08159722222222222
0 0.6771240234375 0.6883680555555556 0.020751953125 0.1423611111111111
0 0.44580078125 0.611328125 0.00390625 0.007378472222222222
0 0.870849609375 0.7473958333333334 0.05615234375 0.3263888888888889
0 0.6014404296875 0.6720920138888888 0.013427734375 0.0915798611111111
0 0.95458984375 0.7536892361111112 0.0703125 0.3216145833333333
0 0.6190185546875 0.6846788194444444 0.020263671875 0.14453125
0 0.41943359375 0.611328125 0.00439453125 0.008246527777777778
0 0.54736328125 0.6671006944444444 0.013671875 0.09288194444444445
