0 0.11805555555555555 0.6527777777777778 0.015376984126984126 0.03373015873015873
0 0.41555059523809523 0.6661706349206349 0.011160714285714286 0.015542328042328041
0 0.5835813492063492 0.6435185185185185 0.012896825396825396 0.017195767195767195
0 0.10441468253968254 0.6258267195767195 0.03373015873015873 0.015542328042328041
0 0.5669642857142857 0.6850198412698413 0.006448412698412698 0.007605820105820105
0 0.09697420634920635 0.7078373015873016 0.026785714285714284 0.04133597883597884
0 0.6184275793650794 0.654431216931217 0.018105158730158732 0.007936507936507936
0 0.1154513888888889 0.6884920634920635 0.011160714285714286 0.032407407407407406
0 0.6924603174603174 0.5916005291005291 0.018849206349206348 0.03571428571428571
0 0.5524553571428571 0.6949404761904762 0.002728174603174603 0.004298941798941799
