0 0.8756510416666666 0.6307870370370371 0.01640625 0.03287037037037037
0 0.14921875 0.5763888888888888 0.013541666666666667 0.03333333333333333
0 0.542578125 0.6673611111111111 0.00859375 0.016203703703703703
0 0.20950520833333333 0.5430555555555555 0.02421875 0.016666666666666666
0 0.5217447916666667 0.6706018518518518 0.004427083333333333 0.008796296296296297
0 0.6515625 0.6548611111111111 0.010416666666666666 0.006944444444444444
0 0.46380208333333334 0.6581018518518519 0.0046875 0.006944444444444444
0 0.8869791666666667 0.6240740740740741 0.0125 0.021296296296296296
0 0.6518229166666667 0.649537037037037 0.0046875 0.005555555555555556
0 0.45416666666666666 0.6555555555555556 0.00625 0.006481481481481481
0 0.6515625 0.6650462962962963 0.005208333333333333 0.013425925925925926
0 0.21015625 0.5305555555555556 0.013020833333333334 0.016666666666666666
0 0.8881510416666667 0.6421296296296296 0.012760416666666666 0.019444444444444445
