0 0.7941468253968254 0.4756944444444444 0.007936507936507936 0.01025132275132275
0 0.7940228174603174 0.46494708994708994 0.007688492063492063 0.009259259259259259
0 0.7105654761904762 0.48578042328042326 0.00744047619047619 0.00992063492063492
0 0.7025049603174603 0.47354497354497355 0.007192460317460317 0.009259259259259259
0 0.7109375 0.46908068783068785 0.009176587301587302 0.023478835978835978
0 0.703125 0.4837962962962963 0.008432539682539682 0.00992063492063492
0 0.6013144841269841 0.48131613756613756 0.006200396825396825 0.013558201058201057
0 0.5523313492063492 0.4623015873015873 0.008432539682539682 0.017857142857142856
0 0.7023809523809523 0.4621362433862434 0.007936507936507936 0.011574074074074073
0 0.47780257936507936 0.4799933862433862 0.007688492063492063 0.012235449735449735
