0 0.49189814814814814 0.405859375 0.0125 0.007552083333333333
0 0.7275462962962963 0.37356770833333336 0.03657407407407407 0.02109375
0 0.7168981481481481 0.4158854166666667 0.02824074074074074 0.011458333333333333
0 0.4909722222222222 0.416015625 0.009722222222222222 0.005989583333333334
0 0.49189814814814814 0.406640625 0.02175925925925926 0.012239583333333333
0 0.4895833333333333 0.420703125 0.013425925925925926 0.0049479166666666664
0 0.7523148148148148 0.38450520833333335 0.026851851851851852 0.010677083333333334
0 0.7189814814814814 0.40520833333333334 0.03888888888888889 0.0125
0 0.7224537037037037 0.3919270833333333 0.038425925925925926 0.016666666666666666
0 0.7553240740740741 0.3743489583333333 0.02361111111111111 0.011197916666666667
