0 0.5870034542314335 0.3861542890040299 0.012521588946459413 0.01583189407023604
0 0.6812392055267703 0.46675302245250433 0.0075561312607944735 0.010074841681059297
0 0.6883635578583766 0.4044329303396661 0.010578583765112263 0.015544041450777202
0 0.6069732297063903 0.35002878526194586 0.018350604490500865 0.024179620034542316
0 0.8651770293609672 0.4506332757628094 0.016191709844559584 0.019861830742659757
0 0.6669905008635578 0.43293033966609096 0.005829015544041451 0.007484168105929764
0 0.6460492227979274 0.4542314335060449 0.014464594127806563 0.007484168105929764
0 0.7104922279792746 0.4740932642487047 0.009499136442141624 0.0063327576280944155
0 0.6745466321243523 0.4349453080023028 0.023100172711571675 0.017271157167530225
0 0.7003454231433506 0.4788428324697755 0.006044905008635579 0.008347725964306276
0 0.4318868739205527 0.47524467472654003 0.008419689119170985 0.0051813471502590676
0 0.6438903281519862 0.44890616004605643 0.011010362694300517 0.0031663788140472078
