0 0.6246936274509803 0.35049019607843135 0.05698529411764706 0.024509803921568627
0 0.5689338235294118 0.5261437908496732 0.00428921568627451 0.00980392156862745
0 0.41942401960784315 0.5381263616557734 0.011642156862745098 0.026143790849673203
0 0.011642156862745098 0.295479302832244 0.023284313725490197 0.029956427015250545
0 0.3596813725490196 0.355119825708061 0.014093137254901961 0.030501089324618737
0 0.5464154411764706 0.5163398692810458 0.002144607843137255 0.004357298474945534
0 0.3483455882352941 0.5370370370370371 0.007352941176470588 0.008714596949891068
0 0.3434436274509804 0.5152505446623094 0.0196078431372549 0.03376906318082789
0 0.5859375 0.505718954248366 0.01991421568627451 0.03540305010893246
0 0.5804227941176471 0.5269607843137255 0.007659313725490196 0.007080610021786492
0 0.6715686274509803 0.5419389978213508 0.0055147058823529415 0.015250544662309368
