0 0.5179811507936508 0.5988756613756614 0.037450396825396824 0.047619047619047616
0 0.8840525793650794 0.749834656084656 0.01066468253968254 0.012235449735449735
0 0.6149553571428571 0.7357804232804233 0.006696428571428571 0.007936507936507936
0 0.3005952380952381 0.6714616402116402 0.03521825396825397 0.11342592592592593
0 0.5168650793650794 0.6440145502645502 0.037698412698412696 0.04662698412698413
0 0.5153769841269841 0.6846891534391535 0.040674603174603176 0.040013227513227514
0 0.5558035714285714 0.6919642857142857 0.02628968253968254 0.03670634920634921
0 0.9420882936507936 0.7375992063492064 0.010168650793650794 0.018187830687830687
0 0.8024553571428571 0.7845568783068783 0.009176587301587302 0.012235449735449735
0 0.8830605158730159 0.734457671957672 0.011656746031746032 0.013227513227513227
0 0.6158234126984127 0.7265211640211641 0.008432539682539682 0.00992063492063492
