0 0.37982253086419754 0.4067665289256198 0.03433641975308642 0.04597107438016529
0 0.8215663580246914 0.5180785123966942 0.018132716049382717 0.027892561983471075
0 0.8221450617283951 0.5588842975206612 0.017746913580246913 0.029958677685950414
0 0.8219521604938271 0.5379648760330579 0.01273148148148148 0.011880165289256199
0 0.421875 0.5643078512396694 0.03356481481481482 0.04803719008264463
0 0.3782793209876543 0.43956611570247933 0.024305555555555556 0.01756198347107438
0 0.8219521604938271 0.5790289256198347 0.011959876543209876 0.011363636363636364
0 0.42650462962962965 0.565599173553719 0.002700617283950617 0.005165289256198347
0 0.4185956790123457 0.565599173553719 0.0030864197530864196 0.005165289256198347
0 0.4342206790123457 0.5785123966942148 0.004243827160493827 0.006198347107438017
