0 0.5365823412698413 0.5266754850088183 0.007192460317460317 0.013668430335097001
0 0.5398065476190477 0.5317460317460317 0.007192460317460317 0.014109347442680775
0 0.5367063492063492 0.5440917107583775 0.004464285714285714 0.010582010582010581
0 0.5431547619047619 0.5447530864197531 0.00496031746031746 0.015432098765432098
0 0.5500992063492064 0.5447530864197531 0.005952380952380952 0.018077601410934743
0 0.5368303571428571 0.5359347442680776 0.007192460317460317 0.005731922398589065
0 0.5399305555555556 0.5443121693121693 0.003968253968253968 0.01455026455026455
0 0.5378224206349206 0.5445326278659612 0.003720238095238095 0.014109347442680775
0 0.5363343253968254 0.5268959435626103 0.009176587301587302 0.02292768959435626
0 0.3506944444444444 0.5187389770723104 0.05803571428571429 0.029541446208112873
0 0.5181051587301587 0.5346119929453262 0.002976190476190476 0.006613756613756613
0 0.349578373015873 0.3646384479717813 0.05927579365079365 0.16843033509700175
0 0.3394097222222222 0.4625220458553792 0.05927579365079365 0.02821869488536155
0 0.35119047619047616 0.49029982363315694 0.059027777777777776 0.026455026455026454
0 0.33444940476190477 0.5182980599647267 0.009176587301587302 0.016313932980599646
0 0.3577628968253968 0.42504409171075835 0.011656746031746032 0.020282186948853614
0 0.33568948412698413 0.3915343915343915 0.011160714285714286 0.019400352733686066
0 0.35788690476190477 0.39109347442680775 0.01240079365079365 0.021164021164021163
0 0.33568948412698413 0.42570546737213405 0.011656746031746032 0.01984126984126984
0 0.33556547619047616 0.35736331569664903 0.011408730158730158 0.01984126984126984
0 0.33556547619047616 0.3236331569664903 0.011904761904761904 0.019400352733686066
0 0.5582837301587301 0.5160934744268078 0.01636904761904762 0.02513227513227513
0 0.18464781746031747 0.5784832451499118 0.025049603174603176 0.048500881834215165
0 0.53125 0.529320987654321 0.011408730158730158 0.005731922398589065
0 0.5223214285714286 0.5324074074074074 0.003472222222222222 0.005731922398589065
