0 0.5363051470588235 0.6787173202614379 0.012561274509803922 0.016748366013071895
0 0.5122549019607843 0.7179330065359477 0.007965686274509803 0.012663398692810458
0 0.49387254901960786 0.6842320261437909 0.020833333333333332 0.03022875816993464
0 0.5490196078431373 0.6779003267973857 0.012867647058823529 0.017565359477124183
0 0.5491727941176471 0.690359477124183 0.013174019607843137 0.006535947712418301
0 0.5361519607843137 0.6897467320261438 0.012867647058823529 0.006127450980392157
0 0.5102634803921569 0.7310049019607843 0.022365196078431373 0.007761437908496732
0 0.6835171568627451 0.7252859477124183 0.006127450980392157 0.00857843137254902
0 0.694546568627451 0.7252859477124183 0.003676470588235294 0.009395424836601307
0 0.6946997549019608 0.7350898692810458 0.0033700980392156864 0.00857843137254902
