0 0.9097222222222222 0.4203042328042328 0.006448412698412698 0.007275132275132275
0 0.8146081349206349 0.4193121693121693 0.006200396825396825 0.007275132275132275
0 0.5947420634920635 0.4246031746031746 0.023313492063492064 0.015873015873015872
0 0.5943700396825397 0.4001322751322751 0.03149801587301587 0.03835978835978836
0 0.505828373015873 0.40244708994708994 0.00818452380952381 0.013227513227513227
0 0.4671378968253968 0.46908068783068785 0.010168650793650794 0.012235449735449735
0 0.9097222222222222 0.4173280423280423 0.01240079365079365 0.021164021164021163
0 0.8146081349206349 0.4168320105820106 0.011656746031746032 0.022817460317460316
0 0.4677579365079365 0.47602513227513227 0.005456349206349206 0.004298941798941799
0 0.46279761904761907 0.4538690476190476 0.003968253968253968 0.005621693121693121
0 0.39868551587301587 0.4905753968253968 0.002728174603174603 0.00496031746031746
0 0.42844742063492064 0.4861111111111111 0.003224206349206349 0.004629629629629629
0 0.4503968253968254 0.47007275132275134 0.002976190476190476 0.004298941798941799
0 0.8213045634920635 0.44328703703703703 0.004216269841269841 0.012235449735449735
0 0.8215525793650794 0.44494047619047616 0.002232142857142857 0.00496031746031746
