0 0.76875 0.6083333333333333 0.03671875 0.041666666666666664
0 0.8154296875 0.5609375 0.048046875 0.057291666666666664
0 0.7220703125 0.6091145833333333 0.044140625 0.044270833333333336
0 0.7169921875 0.5598958333333334 0.041796875 0.05416666666666667
0 0.81953125 0.6072916666666667 0.046875 0.041666666666666664
0 0.7666015625 0.5611979166666666 0.042578125 0.05260416666666667
0 0.71171875 0.49270833333333336 0.04375 0.028125
0 0.7599609375 0.49375 0.044140625 0.027083333333333334
0 0.3349609375 0.6752604166666667 0.014453125 0.0046875
0 0.7140625 0.5197916666666667 0.0421875 0.025
0 0.7626953125 0.5208333333333334 0.044140625 0.027083333333333334
