0 0.31878063725490197 0.4756944444444444 0.008884803921568627 0.01184640522875817
0 0.5323223039215687 0.20465686274509803 0.019301470588235295 0.029411764705882353
0 0.4293811274509804 0.48570261437908496 0.007659313725490196 0.008169934640522876
0 0.6752450980392157 0.474468954248366 0.00428921568627451 0.0053104575163398695
0 0.8261335784313726 0.10866013071895425 0.057291666666666664 0.04411764705882353
0 0.7196691176470589 0.48713235294117646 0.007965686274509803 0.01184640522875817
0 0.7201286764705882 0.4963235294117647 0.008272058823529412 0.005718954248366013
0 0.7025122549019608 0.4714052287581699 0.0030637254901960784 0.004084967320261438
0 0.6323529411764706 0.11621732026143791 0.04595588235294118 0.04616013071895425
0 0.4722732843137255 0.4889705882352941 0.005821078431372549 0.026143790849673203
0 0.6285232843137255 0.5069444444444444 0.03952205882352941 0.05800653594771242
0 0.4293811274509804 0.4765114379084967 0.008272058823529412 0.007761437908496732
0 0.6135110294117647 0.4638480392156863 0.018075980392156864 0.02246732026143791
0 0.3255208333333333 0.4520016339869281 0.0272671568627451 0.03308823529411765
0 0.43014705882352944 0.46425653594771243 0.00857843137254902 0.015931372549019607
0 0.5441176470588235 0.4922385620915033 0.022058823529411766 0.02696078431372549
0 0.9155943627450981 0.48223039215686275 0.023590686274509803 0.024918300653594773
0 0.5759803921568627 0.17851307189542484 0.29044117647058826 0.20179738562091504
0 0.6142769607843137 0.48508986928104575 0.013480392156862746 0.01838235294117647
0 0.3290441176470588 0.47671568627450983 0.0030637254901960784 0.012254901960784314
0 0.47058823529411764 0.12152777777777778 0.03860294117647059 0.04370915032679738
0 0.5447303921568627 0.46486928104575165 0.022058823529411766 0.025326797385620915
0 0.8466605392156863 0.5120506535947712 0.021752450980392156 0.0428921568627451
0 0.5330882352941176 0.2406045751633987 0.02144607843137255 0.031862745098039214
0 0.8777573529411765 0.10580065359477124 0.042279411764705885 0.04738562091503268
0 0.5212928921568627 0.1213235294117647 0.036458333333333336 0.03839869281045752
0 0.6481311274509803 0.497140522875817 0.007659313725490196 0.00980392156862745
0 0.6479779411764706 0.4863153594771242 0.007352941176470588 0.01184640522875817
0 0.6654411764705882 0.17912581699346405 0.027573529411764705 0.027369281045751634
0 0.8589154411764706 0.17340686274509803 0.2815563725490196 0.20383986928104575
