0 0.6762773722627737 0.813625304136253 0.01824817518248175 0.01654501216545012
0 0.614963503649635 0.8153284671532847 0.006569343065693431 0.010218978102189781
0 0.5317518248175183 0.8133819951338199 0.00948905109489051 0.014111922141119221
0 0.4762773722627737 0.808029197080292 0.00948905109489051 0.0170316301703163
0 0.3990875912408759 0.7995133819951338 0.016423357664233577 0.026277372262773723
0 0.23886861313868613 0.7749391727493917 0.029562043795620437 0.046228710462287104
0 0.5952554744525548 0.8 0.006569343065693431 0.01070559610705596
0 0.7855839416058394 0.8038929440389294 0.004744525547445255 0.006812652068126521
0 0.8735401459854014 0.7948905109489051 0.0062043795620437955 0.010218978102189781
0 0.5733576642335766 0.8143552311435523 0.008759124087591242 0.013138686131386862
