0 0.5525428921568627 0.5808823529411765 0.004595588235294118 0.007352941176470588
0 0.7526041666666666 0.6004901960784313 0.008884803921568627 0.014705882352941176
0 0.5369178921568627 0.5825163398692811 0.005208333333333333 0.006535947712418301
0 0.6844362745098039 0.5919117647058824 0.007352941176470588 0.010620915032679739
0 0.7775735294117647 0.59375 0.00857843137254902 0.011029411764705883
0 0.5620404411764706 0.5808823529411765 0.005208333333333333 0.008169934640522876
0 0.7319240196078431 0.5964052287581699 0.00857843137254902 0.013071895424836602
0 0.8160232843137255 0.6013071895424836 0.006433823529411764 0.013888888888888888
0 0.7432598039215687 0.59375 0.006740196078431373 0.011029411764705883
0 0.546875 0.5808823529411765 0.004901960784313725 0.006535947712418301
0 0.5752144607843137 0.579452614379085 0.005208333333333333 0.007761437908496732
0 0.5260416666666666 0.5845588235294118 0.00428921568627451 0.006535947712418301
0 0.7948835784313726 0.599468954248366 0.007659313725490196 0.012663398692810458
0 0.5266544117647058 0.5996732026143791 0.015318627450980392 0.0196078431372549
0 0.39246323529411764 0.5733251633986928 0.004901960784313725 0.006127450980392157
0 0.4722732843137255 0.5829248366013072 0.0070465686274509805 0.010620915032679739
0 0.5563725490196079 0.6094771241830066 0.02267156862745098 0.03022875816993464
0 0.5013786764705882 0.5888480392156863 0.012561274509803922 0.016748366013071895
0 0.36963848039215685 0.5704656862745098 0.006433823529411764 0.007761437908496732
0 0.3861825980392157 0.5729166666666666 0.004595588235294118 0.007761437908496732
0 0.3619791666666667 0.5706699346405228 0.005821078431372549 0.008169934640522876
0 0.36565563725490197 0.5819035947712419 0.006433823529411764 0.009395424836601307
0 0.3627450980392157 0.5904820261437909 0.006127450980392157 0.00857843137254902
0 0.34620098039215685 0.5737336601307189 0.023284313725490197 0.01184640522875817
0 0.3544730392156863 0.5898692810457516 0.00857843137254902 0.011437908496732025
0 0.33348651960784315 0.5949754901960784 0.012561274509803922 0.016748366013071895
0 0.2734375 0.5910947712418301 0.023590686274509803 0.028594771241830064
0 0.30300245098039214 0.5637254901960784 0.026348039215686275 0.03431372549019608
0 0.17830882352941177 0.5735294117647058 0.09375 0.03594771241830065
0 0.5978860294117647 0.5859885620915033 0.005208333333333333 0.009395424836601307
0 0.7596507352941176 0.5927287581699346 0.0070465686274509805 0.010620915032679739
