0 0.4192708333333333 0.7027777777777777 0.020833333333333332 0.037037037037037035
0 0.4122395833333333 0.7185185185185186 0.0046875 0.009259259259259259
0 0.46536458333333336 0.6949074074074074 0.0046875 0.008333333333333333
0 0.42109375 0.6666666666666666 0.019270833333333334 0.037037037037037035
0 0.4393229166666667 0.6990740740740741 0.008854166666666666 0.016666666666666666
0 0.46536458333333336 0.7060185185185185 0.005729166666666666 0.008333333333333333
0 0.5244791666666667 0.6564814814814814 0.029166666666666667 0.04259259259259259
0 0.4591145833333333 0.7319444444444444 0.005729166666666666 0.028703703703703703
0 0.4395833333333333 0.7162037037037037 0.010416666666666666 0.019444444444444445
0 0.45260416666666664 0.7212962962962963 0.005208333333333333 0.007407407407407408
