0 0.7253224206349206 0.7094907407407407 0.015128968253968254 0.017526455026455025
0 0.8179563492063492 0.6749338624338624 0.027281746031746032 0.00992063492063492
0 0.7581845238095238 0.7308201058201058 0.011408730158730158 0.027777777777777776
0 0.3888888888888889 0.7190806878306878 0.003472222222222222 0.0036375661375661374
0 0.08878968253968254 0.6919642857142857 0.01984126984126984 0.07242063492063493
0 0.33407738095238093 0.6997354497354498 0.028769841269841268 0.018518518518518517
0 0.3586309523809524 0.7007275132275133 0.018353174603174604 0.013888888888888888
0 0.9200148809523809 0.7146164021164021 0.010168650793650794 0.021164021164021163
0 0.7211061507936508 0.7179232804232805 0.004712301587301587 0.007275132275132275
0 0.7433035714285714 0.7235449735449735 0.00496031746031746 0.007936507936507936
0 0.8108878968253969 0.7222222222222222 0.005208333333333333 0.006613756613756613
0 0.3253968253968254 0.7003968253968254 0.004464285714285714 0.009259259259259259
0 0.36321924603174605 0.6924603174603174 0.009672619047619048 0.003968253968253968
0 0.6846478174603174 0.7152777777777778 0.005208333333333333 0.007275132275132275
0 0.34250992063492064 0.6997354497354498 0.004464285714285714 0.005291005291005291
