0 0.016741071428571428 0.46908068783068785 0.01066468253968254 0.013558201058201057
0 0.44642857142857145 0.4705687830687831 0.025793650793650792 0.03373015873015873
0 0.017609126984126984 0.5216600529100529 0.00992063492063492 0.010912698412698412
0 0.017237103174603176 0.5089285714285714 0.009672619047619048 0.011904761904761904
0 0.0169890873015873 0.4818121693121693 0.009672619047619048 0.011243386243386243
0 0.016865079365079364 0.4958664021164021 0.00992063492063492 0.012235449735449735
0 0.027157738095238096 0.46841931216931215 0.008680555555555556 0.012235449735449735
0 0.028025793650793652 0.4957010582010582 0.009424603174603174 0.011243386243386243
0 0.027777777777777776 0.4826388888888889 0.008928571428571428 0.01025132275132275
0 0.02765376984126984 0.5084325396825397 0.009672619047619048 0.012235449735449735
0 0.027529761904761904 0.5211640211640212 0.010416666666666666 0.010582010582010581
