0 0.36825980392156865 0.5263480392156863 0.015931372549019607 0.02246732026143791
0 0.6773897058823529 0.5645424836601307 0.0428921568627451 0.08169934640522876
0 0.727328431372549 0.639297385620915 0.031862745098039214 0.125
0 0.6326593137254902 0.5919117647058824 0.011642156862745098 0.04493464052287582
0 0.5261948529411765 0.5743464052287581 0.0033700980392156864 0.013071895424836602
0 0.5444240196078431 0.576797385620915 0.003676470588235294 0.01715686274509804
0 0.5726102941176471 0.5690359477124183 0.02022058823529412 0.013888888888888888
0 0.5741421568627451 0.5547385620915033 0.015318627450980392 0.016339869281045753
0 0.5372242647058824 0.5723039215686274 0.008272058823529412 0.012254901960784314
0 0.5333946078431373 0.5763888888888888 0.003676470588235294 0.01715686274509804
