0 0.1722608024691358 0.6663237311385459 0.01427469135802469 0.02263374485596708
0 0.10165895061728394 0.6676954732510288 0.02199074074074074 0.03772290809327846
0 0.2201003086419753 0.6632373113854595 0.0073302469135802465 0.013717421124828532
0 0.13097993827160495 0.6954732510288066 0.02970679012345679 0.013717421124828532
0 0.29050925925925924 0.6454046639231824 0.0030864197530864196 0.0054869684499314125
0 0.31712962962962965 0.6683813443072703 0.011574074074074073 0.0075445816186556925
0 0.2941743827160494 0.6546639231824417 0.004243827160493827 0.008916323731138546
0 0.2974537037037037 0.6598079561042524 0.004629629629629629 0.006858710562414266
0 0.3290895061728395 0.6618655692729767 0.006944444444444444 0.010973936899862825
0 0.3541666666666667 0.6556927297668038 0.009259259259259259 0.010973936899862825
0 0.4074074074074074 0.6536351165980796 0.006172839506172839 0.013717421124828532
