0 0.58984375 0.43819444444444444 0.0828125 0.03194444444444444
0 0.524609375 0.41458333333333336 0.02109375 0.0375
0 0.588671875 0.36527777777777776 0.08046875 0.11944444444444445
0 0.480078125 0.46875 0.01328125 0.02361111111111111
0 0.525390625 0.4423611111111111 0.01796875 0.015277777777777777
0 0.30859375 0.5236111111111111 0.0078125 0.016666666666666666
0 0.460546875 0.49722222222222223 0.01796875 0.022222222222222223
0 0.234765625 0.475 0.01328125 0.030555555555555555
0 0.45234375 0.5166666666666667 0.0078125 0.013888888888888888
0 0.2546875 0.5291666666666667 0.00625 0.016666666666666666
