0 0.6212797619047619 0.6807208994708994 0.017361111111111112 0.02414021164021164
0 0.6676587301587301 0.699239417989418 0.009424603174603174 0.012896825396825396
0 0.8550347222222222 0.6703042328042328 0.012152777777777778 0.016534391534391533
0 0.5889136904761905 0.6916335978835979 0.003720238095238095 0.011574074074074073
0 0.6034226190476191 0.685681216931217 0.00992063492063492 0.014219576719576719
0 0.6361607142857143 0.6957671957671958 0.003968253968253968 0.005952380952380952
0 0.6403769841269841 0.6980820105820106 0.003472222222222222 0.010582010582010581
0 0.6272321428571429 0.6868386243386243 0.011408730158730158 0.010582010582010581
0 0.6583581349206349 0.699239417989418 0.003224206349206349 0.006944444444444444
0 0.8544146825396826 0.6554232804232805 0.01240079365079365 0.011243386243386243
0 0.6535218253968254 0.6926256613756614 0.010416666666666666 0.0036375661375661374
0 0.6551339285714286 0.6934523809523809 0.003224206349206349 0.011243386243386243
0 0.8550347222222222 0.6800595238095238 0.012152777777777778 0.03869047619047619
0 0.8754960317460317 0.7063492063492064 0.01636904761904762 0.006613756613756613
0 0.9510168650793651 0.7037037037037037 0.019593253968253968 0.017195767195767195
0 0.7008928571428571 0.6909722222222222 0.00248015873015873 0.008267195767195767
