0 0.7461538461538462 0.5963141025641026 0.009615384615384616 0.013141025641025641
0 0.7467548076923077 0.6104166666666667 0.010336538461538461 0.013782051282051282
0 0.43317307692307694 0.5769230769230769 0.025961538461538463 0.016025641025641024
0 0.7894230769230769 0.5956730769230769 0.016346153846153847 0.020833333333333332
0 0.721514423076923 0.580448717948718 0.036298076923076926 0.013461538461538462
0 0.8358173076923077 0.6133012820512821 0.0033653846153846156 0.004166666666666667
0 0.6153846153846154 0.6158653846153846 0.00625 0.011217948717948718
0 0.7120192307692308 0.5669871794871795 0.019230769230769232 0.013461538461538462
0 0.4584134615384615 0.5876602564102564 0.010576923076923078 0.0035256410256410257
0 0.35504807692307694 0.6020833333333333 0.010096153846153847 0.014423076923076924
0 0.6153846153846154 0.607051282051282 0.00625 0.009615384615384616
