0 0.8407451923076923 0.28926282051282054 0.04110576923076923 0.05416666666666667
0 0.5700721153846153 0.422275641025641 0.006490384615384616 0.009294871794871795
0 0.8508413461538461 0.3299679487179487 0.014663461538461538 0.01955128205128205
0 0.8389423076923077 0.33092948717948717 0.010576923076923078 0.014423076923076924
0 0.14795673076923077 0.4423076923076923 0.008413461538461538 0.010256410256410256
0 0.8301682692307693 0.33205128205128204 0.010336538461538461 0.01282051282051282
0 0.8424278846153846 0.3594551282051282 0.040625 0.025961538461538463
0 0.8418269230769231 0.33076923076923076 0.040865384615384616 0.027564102564102563
0 0.5705528846153847 0.43846153846153846 0.0045673076923076926 0.008333333333333333
0 0.5704326923076923 0.43028846153846156 0.007211538461538462 0.00608974358974359
0 0.5474759615384616 0.43798076923076923 0.004086538461538462 0.00608974358974359
0 0.5420673076923077 0.43846153846153846 0.004807692307692308 0.005128205128205128
0 0.6097355769230769 0.42948717948717946 0.003605769230769231 0.016666666666666666
0 0.5417067307692308 0.4392628205128205 0.018509615384615385 0.015064102564102564
