0 0.48425099206349204 0.7842261904761905 0.012152777777777778 0.016865079365079364
0 0.2568204365079365 0.7114748677248677 0.057291666666666664 0.05654761904761905
0 0.5210813492063492 0.8014219576719577 0.003968253968253968 0.007605820105820105
0 0.6489335317460317 0.7556216931216931 0.011656746031746032 0.01521164021164021
0 0.6483134920634921 0.7394179894179894 0.012896825396825396 0.016534391534391533
0 0.34164186507936506 0.7080026455026455 0.016617063492063492 0.011904761904761904
0 0.5714285714285714 0.7953042328042328 0.003968253968253968 0.006613756613756613
0 0.5569196428571429 0.8035714285714286 0.004712301587301587 0.007275132275132275
0 0.5042162698412699 0.798776455026455 0.003968253968253968 0.007605820105820105
0 0.6474454365079365 0.718915343915344 0.011656746031746032 0.007936507936507936
0 0.5935019841269841 0.7819113756613757 0.011904761904761904 0.010912698412698412
0 0.33903769841269843 0.7756283068783069 0.01488095238095238 0.02017195767195767
0 0.4351438492063492 0.7711640211640212 0.005704365079365079 0.003968253968253968
0 0.5246775793650794 0.8012566137566137 0.002728174603174603 0.004629629629629629
0 0.4244791666666667 0.7749669312169312 0.005208333333333333 0.006944444444444444
0 0.5570436507936508 0.7817460317460317 0.00992063492063492 0.010582010582010581
0 0.36334325396825395 0.7700066137566137 0.002976190476190476 0.006283068783068783
0 0.33990575396825395 0.7549603174603174 0.016121031746031748 0.0205026455026455
0 0.4350198412698413 0.7771164021164021 0.005952380952380952 0.007936507936507936
0 0.42671130952380953 0.7723214285714286 0.003224206349206349 0.00496031746031746
0 0.4494047619047619 0.583994708994709 0.09523809523809523 0.10449735449735449
0 0.5358382936507936 0.8037367724867724 0.004712301587301587 0.008267195767195767
0 0.39880952380952384 0.7705026455026455 0.002976190476190476 0.004629629629629629
0 0.5732886904761905 0.5834986772486772 0.11284722222222222 0.06183862433862434
0 0.341765873015873 0.7190806878306878 0.01636904761904762 0.01025132275132275
0 0.3411458333333333 0.7337962962962963 0.016617063492063492 0.0205026455026455
0 0.6197916666666666 0.7612433862433863 0.01636904761904762 0.023148148148148147
0 0.6206597222222222 0.7789351851851852 0.009176587301587302 0.01025132275132275
0 0.5921378968253969 0.5444775132275133 0.07217261904761904 0.022817460317460316
0 0.5461309523809523 0.781415343915344 0.010416666666666666 0.009259259259259259
0 0.5469990079365079 0.796792328042328 0.005704365079365079 0.008267195767195767
0 0.6955605158730159 0.732308201058201 0.028025793650793652 0.03802910052910053
0 0.44308035714285715 0.5147156084656085 0.0726686507936508 0.036044973544973546
0 0.6964285714285714 0.7605820105820106 0.013888888888888888 0.018518518518518517
0 0.26252480158730157 0.6631944444444444 0.05381944444444445 0.040674603174603176
0 0.6476934523809523 0.7280092592592593 0.012152777777777778 0.008928571428571428
0 0.537078373015873 0.7966269841269841 0.003720238095238095 0.006613756613756613
