0 0.45532128514056225 0.6211512717536813 0.010542168674698794 0.015394912985274432
0 0.6040411646586346 0.6154618473895582 0.011295180722891566 0.015394912985274432
0 0.3682228915662651 0.6554551539491299 0.02359437751004016 0.020414993306559572
0 0.7083333333333334 0.6323627844712182 0.02108433734939759 0.017737617135207495
0 0.3645833333333333 0.6333668005354752 0.02384538152610442 0.03246318607764391
0 0.5677710843373494 0.6169678714859438 0.005522088353413655 0.003681392235609103
0 0.48832831325301207 0.6129518072289156 0.0027610441767068274 0.003681392235609103
0 0.5685240963855421 0.6107764390896921 0.005522088353413655 0.007362784471218206
0 0.4959839357429719 0.6144578313253012 0.006526104417670682 0.0033467202141900937
0 0.7093373493975904 0.6104417670682731 0.02208835341365462 0.030120481927710843
