0 0.6591021825396826 0.5444775132275133 0.008680555555555556 0.010912698412698412
0 0.5606398809523809 0.5363756613756614 0.018601190476190476 0.023148148148148147
0 0.5593998015873016 0.521494708994709 0.010168650793650794 0.013888888888888888
0 0.42931547619047616 0.5300925925925926 0.00992063492063492 0.012566137566137565
0 0.6052827380952381 0.5522486772486772 0.006200396825396825 0.008597883597883597
0 0.4894593253968254 0.5628306878306878 0.005208333333333333 0.005952380952380952
0 0.5890376984126984 0.5325727513227513 0.013392857142857142 0.013558201058201057
0 0.5184771825396826 0.5661375661375662 0.005208333333333333 0.006613756613756613
0 0.5355902777777778 0.5376984126984127 0.02703373015873016 0.012566137566137565
0 0.4895833333333333 0.5654761904761905 0.006944444444444444 0.013227513227513227
0 0.6271081349206349 0.5648148148148148 0.006200396825396825 0.007275132275132275
0 0.6263640873015873 0.5519179894179894 0.005208333333333333 0.006613756613756613
0 0.6262400793650794 0.5543981481481481 0.006448412698412698 0.013558201058201057
