0 0.3173828125 0.7795138888888888 0.012803819444444444 0.021219135802469136
0 0.1950954861111111 0.8217592592592593 0.004774305555555556 0.017746913580246913
0 0.4594184027777778 0.7725694444444444 0.006510416666666667 0.015046296296296295
0 0.5530598958333334 0.7924382716049383 0.004123263888888889 0.010030864197530864
0 0.5530598958333334 0.7665895061728395 0.006293402777777778 0.016203703703703703
0 0.6993272569444444 0.7347608024691358 0.003689236111111111 0.0073302469135802465
0 0.7811414930555556 0.7027391975308642 0.004991319444444444 0.02199074074074074
0 0.2319878472222222 0.7989969135802469 0.020399305555555556 0.09799382716049383
0 0.4518229166666667 0.7997685185185185 0.006076388888888889 0.010030864197530864
0 0.7006293402777778 0.7420910493827161 0.004123263888888889 0.0073302469135802465
0 0.6215277777777778 0.7837577160493827 0.008246527777777778 0.004243827160493827
0 0.6220703125 0.7885802469135802 0.008463541666666666 0.004629629629629629
0 0.7830946180555556 0.7183641975308642 0.004123263888888889 0.008487654320987654
0 0.6214192708333334 0.779320987654321 0.008463541666666666 0.004629629629629629
0 0.6212022569444444 0.7743055555555556 0.008463541666666666 0.004629629629629629
