0 0.6158234126984127 0.5616732804232805 0.054563492063492064 0.03736772486772487
0 0.010912698412698412 0.5667989417989417 0.013392857142857142 0.018518518518518517
0 0.9239831349206349 0.6087962962962963 0.031994047619047616 0.05026455026455026
0 0.03236607142857143 0.5672949735449735 0.011160714285714286 0.015542328042328041
0 0.03311011904761905 0.5476190476190477 0.014632936507936508 0.023148148148148147
0 0.010416666666666666 0.5461309523809523 0.015873015873015872 0.026785714285714284
0 0.5804811507936508 0.6026785714285714 0.005704365079365079 0.012235449735449735
0 0.6328125 0.5896164021164021 0.019593253968253968 0.01984126984126984
0 0.5953621031746031 0.603505291005291 0.012648809523809524 0.013888888888888888
0 0.023189484126984128 0.5200066137566137 0.04141865079365079 0.0333994708994709
0 0.9239831349206349 0.6514550264550265 0.023561507936507936 0.03373015873015873
0 0.6320684523809523 0.6063161375661376 0.012648809523809524 0.012235449735449735
0 0.9562251984126984 0.5403439153439153 0.08655753968253968 0.09126984126984126
0 0.41021825396825395 0.5686177248677249 0.00992063492063492 0.012896825396825396
0 0.1728670634920635 0.5649801587301587 0.04365079365079365 0.01488095238095238
0 0.5964781746031746 0.5868055555555556 0.017857142857142856 0.021494708994708994
0 0.9908234126984127 0.6587301587301587 0.017857142857142856 0.03835978835978836
0 0.9871031746031746 0.6124338624338624 0.025297619047619048 0.0582010582010582
