0 0.08958333333333333 0.6722222222222223 0.023958333333333335 0.08333333333333333
0 0.07760416666666667 0.7296296296296296 0.010416666666666666 0.053703703703703705
0 0.35598958333333336 0.49212962962962964 0.09322916666666667 0.075
0 0.9755208333333333 0.6222222222222222 0.013541666666666667 0.040740740740740744
0 0.97421875 0.7013888888888888 0.009895833333333333 0.041666666666666664
0 0.97734375 0.674537037037037 0.0078125 0.010185185185185186
0 0.97578125 0.6564814814814814 0.009895833333333333 0.02962962962962963
0 0.38723958333333336 0.7416666666666667 0.0078125 0.007407407407407408
0 0.3736979166666667 0.4861111111111111 0.022395833333333334 0.03148148148148148
0 0.8096354166666667 0.4199074074074074 0.009895833333333333 0.023148148148148147
0 0.07760416666666667 0.7217592592592592 0.007291666666666667 0.028703703703703703
0 0.8200520833333333 0.4222222222222222 0.0546875 0.09814814814814815
