0 0.326953125 0.38101851851851853 0.020052083333333335 0.03148148148148148
0 0.43359375 0.4585648148148148 0.011979166666666667 0.02175925925925926
0 0.40286458333333336 0.4534722222222222 0.025520833333333333 0.01898148148148148
0 0.11888020833333333 0.3907407407407407 0.01953125 0.025
0 0.296484375 0.4300925925925926 0.00703125 0.009259259259259259
0 0.326953125 0.40162037037037035 0.012239583333333333 0.010648148148148148
0 0.403515625 0.4083333333333333 0.007552083333333333 0.010185185185185186
0 0.7858072916666666 0.3773148148148148 0.004427083333333333 0.026851851851851852
0 0.4041666666666667 0.4233796296296296 0.007291666666666667 0.016203703703703703
0 0.297265625 0.43680555555555556 0.00390625 0.004166666666666667
0 0.4627604166666667 0.45 0.0046875 0.007407407407407408
0 0.7516927083333333 0.4263888888888889 0.010677083333333334 0.006481481481481481
0 0.46953125 0.444212962962963 0.0026041666666666665 0.006944444444444444
