0 0.6189236111111112 0.6064814814814815 0.01711309523809524 0.023148148148148147
0 0.5544394841269841 0.6626984126984127 0.006696428571428571 0.00992063492063492
0 0.4517609126984127 0.6015211640211641 0.018601190476190476 0.00992063492063492
0 0.6352926587301587 0.6086309523809523 0.019097222222222224 0.012896825396825396
0 0.44580853174603174 0.6122685185185185 0.004216269841269841 0.005621693121693121
0 0.5540674603174603 0.6712962962962963 0.006448412698412698 0.005291005291005291
0 0.17001488095238096 0.5925925925925926 0.013640873015873016 0.005952380952380952
0 0.6163194444444444 0.6638558201058201 0.01240079365079365 0.026124338624338623
0 0.4513888888888889 0.6127645502645502 0.018353174603174604 0.00992063492063492
0 0.6400049603174603 0.6673280423280423 0.002728174603174603 0.003968253968253968
0 0.5928819444444444 0.6590608465608465 0.002728174603174603 0.007936507936507936
