0 0.2612847222222222 0.3229717813051146 0.01066468253968254 0.01895943562610229
0 0.35007440476190477 0.525352733686067 0.021081349206349208 0.011904761904761904
0 0.28013392857142855 0.3853615520282187 0.06721230158730158 0.15343915343915343
0 0.3499503968253968 0.501984126984127 0.020337301587301588 0.041005291005291
0 0.6029265873015873 0.4164462081128748 0.02132936507936508 0.01984126984126984
0 0.26773313492063494 0.36772486772486773 0.011160714285714286 0.019400352733686066
0 0.2615327380952381 0.3430335097001764 0.009672619047619048 0.01675485008818342
0 0.597594246031746 0.3776455026455027 0.040426587301587304 0.056878306878306875
0 0.28683035714285715 0.48302469135802467 0.030009920634920636 0.04365079365079365
0 0.2683531746031746 0.38822751322751325 0.00992063492063492 0.016313932980599646
