0 0.38444767441860467 0.6369509043927648 0.005329457364341085 0.008397932816537468
0 0.5222868217054264 0.648578811369509 0.001937984496124031 0.003875968992248062
0 0.3961967054263566 0.6364664082687338 0.0031492248062015503 0.001614987080103359
0 0.7934835271317829 0.646640826873385 0.0055717054263565895 0.011627906976744186
0 0.38190406976744184 0.6422803617571059 0.003633720930232558 0.004198966408268734
0 0.3907461240310077 0.6459948320413437 0.0029069767441860465 0.003229974160206718
0 0.2066375968992248 0.6224160206718347 0.011143410852713179 0.00904392764857881
0 0.3960755813953488 0.6393733850129198 0.0029069767441860465 0.004198966408268734
0 0.38892926356589147 0.6103036175710594 0.012354651162790697 0.011304909560723515
0 0.39837693798449614 0.6166020671834626 0.0055717054263565895 0.006459948320413436
0 0.06601259689922481 0.5967377260981912 0.006540697674418605 0.023578811369509043
0 0.3710029069767442 0.6435723514211886 0.008478682170542635 0.008074935400516795
0 0.06746608527131782 0.5791343669250646 0.007025193798449613 0.009689922480620155
0 0.38905038759689925 0.5946382428940569 0.014050387596899225 0.01808785529715762
0 0.5225290697674418 0.6435723514211886 0.0048449612403100775 0.006136950904392765
0 0.38905038759689925 0.5796188630490956 0.014050387596899225 0.010012919896640826
0 0.7934835271317829 0.6308139534883721 0.013323643410852713 0.01808785529715762
0 0.3712451550387597 0.6337209302325582 0.008478682170542635 0.011627906976744186
0 0.2033672480620155 0.5447351421188631 0.0438468992248062 0.05329457364341085
0 0.5646802325581395 0.6432493540051679 0.0048449612403100775 0.008074935400516795
0 0.375484496124031 0.6388888888888888 0.005813953488372093 0.006459948320413436
0 0.3960755813953488 0.6424418604651163 0.0029069767441860465 0.001937984496124031
