0 0.5030637254901961 0.37745098039215685 0.00980392156862745 0.013071895424836602
0 0.6136642156862745 0.3613153594771242 0.004901960784313725 0.006944444444444444
0 0.5372242647058824 0.36580882352941174 0.004595588235294118 0.007761437908496732
0 0.6901041666666666 0.37316176470588236 0.01011029411764706 0.014297385620915032
0 0.5036764705882353 0.3874591503267974 0.00857843137254902 0.004493464052287581
0 0.5369178921568627 0.3555964052287582 0.004595588235294118 0.011029411764705883
0 0.5366115196078431 0.35437091503267976 0.003982843137254902 0.006944444444444444
0 0.6089154411764706 0.39358660130718953 0.002144607843137255 0.003676470588235294
0 0.6136642156862745 0.3515114379084967 0.004901960784313725 0.011029411764705883
0 0.6142769607843137 0.349468954248366 0.0055147058823529415 0.006944444444444444
0 0.6899509803921569 0.38439542483660133 0.007965686274509803 0.005718954248366013
0 0.10493259803921569 0.47344771241830064 0.022365196078431373 0.04003267973856209
0 0.11795343137254902 0.5046977124183006 0.015318627450980392 0.01838235294117647
