0 0.5778769841269841 0.6063161375661376 0.020833333333333332 0.028108465608465607
0 0.4973958333333333 0.6207010582010583 0.016121031746031748 0.022486772486772486
0 0.9216269841269841 0.5481150793650794 0.006448412698412698 0.007605820105820105
0 0.4859871031746032 0.6294642857142857 0.011656746031746032 0.016203703703703703
0 0.5778769841269841 0.6236772486772487 0.012896825396825396 0.005291005291005291
0 0.3158482142857143 0.6220238095238095 0.01066468253968254 0.004629629629629629
0 0.9260912698412699 0.5572089947089947 0.020337301587301588 0.03439153439153439
0 0.49776785714285715 0.6354166666666666 0.010416666666666666 0.006944444444444444
0 0.4871031746031746 0.6395502645502645 0.00744047619047619 0.005291005291005291
0 0.9233630952380952 0.5236441798941799 0.019345238095238096 0.034722222222222224
