0 0.5908978174603174 0.4697420634920635 0.006696428571428571 0.007605820105820105
0 0.36259920634920634 0.4619708994708995 0.011904761904761904 0.027777777777777776
0 0.5850694444444444 0.47437169312169314 0.004464285714285714 0.005621693121693121
0 0.7735615079365079 0.3551587301587302 0.07688492063492064 0.14417989417989419
0 0.6109871031746031 0.4624669312169312 0.009176587301587302 0.01951058201058201
0 0.5625 0.49537037037037035 0.002976190476190476 0.006613756613756613
0 0.5770089285714286 0.48478835978835977 0.012152777777777778 0.006613756613756613
0 0.5627480158730159 0.490244708994709 0.003472222222222222 0.0023148148148148147
0 0.5627480158730159 0.48660714285714285 0.003472222222222222 0.0036375661375661374
0 0.5770089285714286 0.47371031746031744 0.012152777777777778 0.004298941798941799
0 0.5931299603174603 0.48412698412698413 0.014632936507936508 0.005952380952380952
0 0.5766369047619048 0.4783399470899471 0.011408730158730158 0.005621693121693121
0 0.5830853174603174 0.5059523809523809 0.027281746031746032 0.009259259259259259
0 0.5830853174603174 0.49074074074074076 0.027777777777777776 0.017857142857142856
0 0.7803819444444444 0.36904761904761907 0.012648809523809524 0.016534391534391533
0 0.7565724206349206 0.32787698412698413 0.013640873015873016 0.016865079365079364
