0 0.5333984375 0.51171875 0.006640625 0.0234375
0 0.4427734375 0.54375 0.019921875 0.011458333333333333
0 0.514453125 0.4953125 0.03203125 0.013541666666666667
0 0.508984375 0.53125 0.01484375 0.021875
0 0.5142578125 0.4822916666666667 0.032421875 0.0125
0 0.32734375 0.5450520833333333 0.0109375 0.009895833333333333
0 0.5140625 0.47213541666666664 0.0328125 0.008854166666666666
0 0.508203125 0.46588541666666666 0.00703125 0.0046875
0 0.5033203125 0.44088541666666664 0.026171875 0.015104166666666667
0 0.5041015625 0.4552083333333333 0.026953125 0.013541666666666667
0 0.53828125 0.54140625 0.003125 0.018229166666666668
0 0.5072265625 0.43072916666666666 0.007421875 0.005208333333333333
0 0.7802734375 0.6330729166666667 0.031640625 0.1203125
