0 0.16973039215686275 0.6131535947712419 0.0545343137254902 0.0727124183006536
0 0.11534926470588236 0.6149918300653595 0.05238970588235294 0.07066993464052287
0 0.9666053921568627 0.735498366013072 0.011642156862745098 0.024918300653594773
0 0.4970894607843137 0.766748366013072 0.008272058823529412 0.011437908496732025
0 0.16758578431372548 0.6621732026143791 0.056372549019607844 0.028594771241830064
0 0.4152879901960784 0.733251633986928 0.014399509803921568 0.018790849673202614
0 0.49724264705882354 0.7546977124183006 0.007965686274509803 0.011029411764705883
0 0.5966605392156863 0.7683823529411765 0.011948529411764705 0.00980392156862745
0 0.45618872549019607 0.6368464052287581 0.028799019607843136 0.016339869281045753
0 0.11933210784313726 0.5543300653594772 0.036458333333333336 0.04738562091503268
0 0.4149816176470588 0.7469362745098039 0.015012254901960785 0.00857843137254902
0 0.9954044117647058 0.7495915032679739 0.007965686274509803 0.016339869281045753
0 0.7590379901960784 0.7640931372549019 0.005821078431372549 0.007761437908496732
0 0.7588848039215687 0.7694035947712419 0.006740196078431373 0.003676470588235294
0 0.9676776960784313 0.7524509803921569 0.011948529411764705 0.00980392156862745
0 0.9960171568627451 0.7657271241830066 0.007352941176470588 0.017565359477124183
