0 0.2664930555555556 0.6514550264550265 0.018601190476190476 0.02513227513227513
0 0.26860119047619047 0.5864748677248677 0.017361111111111112 0.027447089947089946
0 0.35751488095238093 0.6557539682539683 0.007688492063492063 0.011904761904761904
0 0.46887400793650796 0.6350859788359788 0.006200396825396825 0.008267195767195767
0 0.3090277777777778 0.6517857142857143 0.006944444444444444 0.0026455026455026454
0 0.2663690476190476 0.6193783068783069 0.017361111111111112 0.027777777777777776
0 0.3570188492063492 0.6676587301587301 0.007192460317460317 0.00992063492063492
0 0.34858630952380953 0.6555886243386243 0.009176587301587302 0.00496031746031746
0 0.39087301587301587 0.6537698412698413 0.005952380952380952 0.0033068783068783067
0 0.4107142857142857 0.6575727513227513 0.00496031746031746 0.006283068783068783
0 0.46887400793650796 0.6512896825396826 0.006696428571428571 0.010912698412698412
0 0.46887400793650796 0.6431878306878307 0.005704365079365079 0.005291005291005291
