0 0.49923406862745096 0.5833333333333334 0.005208333333333333 0.006535947712418301
0 0.4993872549019608 0.5727124183006536 0.007352941176470588 0.008169934640522876
0 0.6125919117647058 0.5921160130718954 0.01133578431372549 0.015931372549019607
0 0.49923406862745096 0.5645424836601307 0.007659313725490196 0.008169934640522876
0 0.4993872549019608 0.5786356209150327 0.007352941176470588 0.003676470588235294
0 0.4488357843137255 0.5759803921568627 0.004901960784313725 0.008986928104575163
0 0.5640318627450981 0.5490196078431373 0.012867647058823529 0.007352941176470588
0 0.7670036764705882 0.5671977124183006 0.012561274509803922 0.007761437908496732
0 0.5640318627450981 0.5663807189542484 0.012867647058823529 0.007761437908496732
0 0.5643382352941176 0.5580065359477124 0.012254901960784314 0.00980392156862745
0 0.7666973039215687 0.5545343137254902 0.013174019607843137 0.016748366013071895
0 0.5162377450980392 0.59375 0.0024509803921568627 0.011029411764705883
0 0.5435049019607843 0.5921160130718954 0.00857843137254902 0.01184640522875817
