0 0.7240885416666667 0.493287037037037 0.01484375 0.024537037037037038
0 0.4602864583333333 0.5409722222222222 0.004427083333333333 0.00787037037037037
0 0.450390625 0.38935185185185184 0.00859375 0.016666666666666666
0 0.7243489583333333 0.4675925925925926 0.015885416666666666 0.028703703703703703
0 0.753125 0.5326388888888889 0.013020833333333334 0.014351851851851852
0 0.550390625 0.3958333333333333 0.009114583333333334 0.017592592592592594
0 0.464453125 0.5296296296296297 0.00859375 0.008333333333333333
0 0.49635416666666665 0.3921296296296296 0.009895833333333333 0.016666666666666666
0 0.4270833333333333 0.5141203703703704 0.00625 0.018055555555555554
0 0.43997395833333336 0.5189814814814815 0.008072916666666667 0.013888888888888888
0 0.7506510416666666 0.5011574074074074 0.015885416666666666 0.03287037037037037
0 0.504296875 0.418287037037037 0.12578125 0.08657407407407407
0 0.34322916666666664 0.4613425925925926 0.018229166666666668 0.04398148148148148
0 0.4276041666666667 0.5104166666666666 0.0046875 0.008796296296296297
0 0.5243489583333333 0.39490740740740743 0.009114583333333334 0.016666666666666666
0 0.450390625 0.5273148148148148 0.005989583333333334 0.014814814814814815
