0 0.5703125 0.5898692810457516 0.013786764705882353 0.022058823529411766
0 0.5994178921568627 0.6280637254901961 0.002144607843137255 0.0053104575163398695
0 0.5765931372549019 0.6488970588235294 0.0024509803921568627 0.004493464052287581
0 0.49800857843137253 0.5902777777777778 0.005821078431372549 0.008169934640522876
0 0.47809436274509803 0.5012254901960784 0.01011029411764706 0.028594771241830064
0 0.4443933823529412 0.5386029411764706 0.008884803921568627 0.03308823529411765
0 0.45618872549019607 0.5698529411764706 0.014705882352941176 0.018790849673202614
0 0.45465686274509803 0.5923202614379085 0.014093137254901961 0.018790849673202614
0 0.45465686274509803 0.6376633986928104 0.0055147058823529415 0.011437908496732025
0 0.4303002450980392 0.6356209150326797 0.008272058823529412 0.010620915032679739
0 0.7634803921568627 0.5608660130718954 0.00857843137254902 0.02042483660130719
0 0.7634803921568627 0.573937908496732 0.0055147058823529415 0.004901960784313725
0 0.7631740196078431 0.5941584967320261 0.00857843137254902 0.020016339869281044
0 0.7628676470588235 0.6076388888888888 0.006740196078431373 0.006127450980392157
0 0.3229166666666667 0.4950980392156863 0.013480392156862746 0.028594771241830064
0 0.49111519607843135 0.5627042483660131 0.006740196078431373 0.02165032679738562
