0 0.3373480902777778 0.47800925925925924 0.008029513888888888 0.01099537037037037
0 0.2801649305555556 0.46976273148148145 0.005208333333333333 0.006655092592592593
0 0.6072048611111112 0.4214409722222222 0.022569444444444444 0.025173611111111112
0 0.21842447916666666 0.4660011574074074 0.004557291666666667 0.006076388888888889
0 0.3093532986111111 0.46802662037037035 0.009765625 0.004340277777777778
0 0.4865451388888889 0.4891493055555556 0.007378472222222222 0.01765046296296296
0 0.6076388888888888 0.3900462962962963 0.031684027777777776 0.03125
0 0.3065321180555556 0.4642650462962963 0.003689236111111111 0.003761574074074074
0 0.4254557291666667 0.47120949074074076 0.005859375 0.015914351851851853
0 0.3411458333333333 0.4713541666666667 0.003472222222222222 0.004629629629629629
0 0.3095703125 0.4703414351851852 0.009331597222222222 0.004340277777777778
