0 0.5971200980392157 0.41911764705882354 0.023284313725490197 0.031862745098039214
0 0.6974571078431373 0.42034313725490197 0.04993872549019608 0.0661764705882353
0 0.5459558823529411 0.4542483660130719 0.010416666666666666 0.015522875816993464
0 0.3668811274509804 0.48284313725490197 0.01011029411764706 0.013071895424836602
0 0.6207107843137255 0.46895424836601307 0.03125 0.06045751633986928
0 0.23560049019607843 0.46548202614379086 0.02022058823529412 0.01838235294117647
0 0.23575367647058823 0.4848856209150327 0.020526960784313725 0.02696078431372549
0 0.5467218137254902 0.47344771241830064 0.01133578431372549 0.015522875816993464
0 0.6447610294117647 0.4462826797385621 0.0070465686274509805 0.03308823529411765
0 0.21997549019607843 0.5071486928104575 0.006740196078431373 0.011029411764705883
0 0.48606004901960786 0.48876633986928103 0.009497549019607842 0.01184640522875817
