0 0.15533088235294118 0.04105392156862745 0.042279411764705885 0.06576797385620915
0 0.41973039215686275 0.49264705882352944 0.006740196078431373 0.011437908496732025
0 0.140625 0.3860294117647059 0.0661764705882353 0.061274509803921566
0 0.15303308823529413 0.09293300653594772 0.07199754901960784 0.18586601307189543
0 0.4163602941176471 0.536968954248366 0.013480392156862746 0.0363562091503268
0 0.4152879901960784 0.559640522875817 0.01133578431372549 0.00980392156862745
0 0.14445465686274508 0.2687908496732026 0.07383578431372549 0.20098039215686275
0 0.4183517156862745 0.5014297385620915 0.013174019607843137 0.0363562091503268
0 0.3521752450980392 0.5543300653594772 0.003982843137254902 0.004901960784313725
0 0.35263480392156865 0.5206290849673203 0.00428921568627451 0.020833333333333332
0 0.35263480392156865 0.5412581699346405 0.00428921568627451 0.02042483660130719
