0 0.6103670634920635 0.5978835978835979 0.00496031746031746 0.011904761904761904
0 0.5837053571428571 0.615244708994709 0.006696428571428571 0.0036375661375661374
0 0.140625 0.5949074074074074 0.01240079365079365 0.016534391534391533
0 0.5973462301587301 0.6256613756613757 0.009176587301587302 0.016534391534391533
0 0.5104166666666666 0.6053240740740741 0.006944444444444444 0.008267195767195767
0 0.6164434523809523 0.6180555555555556 0.01066468253968254 0.013888888888888888
0 0.6104910714285714 0.6177248677248677 0.016617063492063492 0.021825396825396824
0 0.6201636904761905 0.6030092592592593 0.006696428571428571 0.00958994708994709
0 0.5803571428571429 0.4442791005291005 0.023809523809523808 0.03207671957671958
0 0.6447172619047619 0.421957671957672 0.030009920634920636 0.052248677248677246
0 0.45498511904761907 0.4485780423280423 0.024553571428571428 0.0333994708994709
0 0.4544890873015873 0.41550925925925924 0.025049603174603176 0.03273809523809524
0 0.5153769841269841 0.4270833333333333 0.03125 0.05191798941798942
0 0.5797371031746031 0.41087962962962965 0.025049603174603176 0.03207671957671958
0 0.7078373015873016 0.5942460317460317 0.022817460317460316 0.031746031746031744
0 0.38591269841269843 0.43187830687830686 0.03125 0.05357142857142857
0 0.5120287698412699 0.6491402116402116 0.008680555555555556 0.011904761904761904
0 0.5107886904761905 0.5958994708994709 0.00818452380952381 0.00992063492063492
0 0.21999007936507936 0.6334325396825397 0.017857142857142856 0.023478835978835978
0 0.5829613095238095 0.6107804232804233 0.012152777777777778 0.005952380952380952
