0 0.4580269607843137 0.5159313725490197 0.014093137254901961 0.01715686274509804
0 0.4465379901960784 0.5310457516339869 0.0548406862745098 0.07598039215686274
0 0.4339767156862745 0.5161356209150327 0.015625 0.01838235294117647
0 0.4638480392156863 0.5535130718954249 0.014705882352941176 0.018790849673202614
0 0.44669117647058826 0.553921568627451 0.014093137254901961 0.0196078431372549
0 0.4293811274509804 0.5543300653594772 0.014399509803921568 0.0196078431372549
0 0.5189950980392157 0.5708741830065359 0.0055147058823529415 0.012663398692810458
0 0.610140931372549 0.5741421568627451 0.01685049019607843 0.006127450980392157
0 0.6098345588235294 0.5915032679738562 0.016237745098039217 0.004901960784313725
0 0.6104473039215687 0.5804738562091504 0.01685049019607843 0.004901960784313725
0 0.6102941176470589 0.5857843137254902 0.016544117647058824 0.004901960784313725
0 0.5188419117647058 0.5800653594771242 0.004595588235294118 0.004084967320261438
