0 0.5689019097222222 0.5600405092592593 0.014105902777777778 0.018229166666666668
0 0.7506510416666666 0.16608796296296297 0.017795138888888888 0.05439814814814815
0 0.5626085069444444 0.5189525462962963 0.020182291666666668 0.02806712962962963
0 0.7657335069444444 0.38859953703703703 0.08138020833333333 0.13831018518518517
0 0.15006510416666666 0.44733796296296297 0.007595486111111111 0.008680555555555556
0 0.5690104166666666 0.5594618055555556 0.019097222222222224 0.03211805555555555
0 0.14952256944444445 0.44632523148148145 0.015190972222222222 0.025752314814814815
0 0.16395399305555555 0.5389178240740741 0.020616319444444444 0.02980324074074074
0 0.5707465277777778 0.5380497685185185 0.019965277777777776 0.009548611111111112
0 0.14952256944444445 0.47453703703703703 0.016059027777777776 0.026041666666666668
0 0.7661675347222222 0.2566550925925926 0.10221354166666667 0.1261574074074074
