0 0.5598958333333334 0.20588235294117646 0.11979166666666667 0.10947712418300654
0 0.484375 0.5020424836601307 0.028186274509803922 0.02696078431372549
0 0.632046568627451 0.5424836601307189 0.00857843137254902 0.006535947712418301
0 0.5761335784313726 0.5531045751633987 0.011948529411764705 0.008986928104575163
0 0.6473651960784313 0.5610702614379085 0.017769607843137254 0.009395424836601307
0 0.5386029411764706 0.5678104575163399 0.0055147058823529415 0.00980392156862745
0 0.7011335784313726 0.5273692810457516 0.012561274509803922 0.017973856209150325
0 0.7435661764705882 0.5175653594771242 0.018995098039215685 0.03676470588235294
0 0.8785232843137255 0.4977532679738562 0.015012254901960785 0.025735294117647058
0 0.8177083333333334 0.5194035947712419 0.014705882352941176 0.025735294117647058
0 0.47794117647058826 0.5535130718954249 0.007965686274509803 0.011437908496732025
0 0.43642769607843135 0.5551470588235294 0.01011029411764706 0.014705882352941176
0 0.23927696078431374 0.508578431372549 0.0055147058823529415 0.026143790849673203
0 0.009957107843137254 0.5902777777777778 0.01991421568627451 0.042483660130718956
