0 0.89175 0.49125 0.013 0.028
0 0.9441875 0.417 0.003625 0.0075
0 0.7638125 0.509 0.002125 0.0065
0 0.233625 0.5395 0.01375 0.0145
0 0.869625 0.50925 0.002 0.005
0 0.8836875 0.50375 0.003125 0.006
0 0.86325 0.52225 0.001 0.0065
0 0.884 0.511375 0.001 0.00275
0 0.884 0.508375 0.001 0.00275
0 0.8838125 0.510125 0.002375 0.00575
0 0.9563125 0.505625 0.002375 0.01175
0 0.0275 0.507 0.00175 0.01
0 0.0863125 0.5465 0.005625 0.0135
0 0.0659375 0.528625 0.003375 0.00975
0 0.9441875 0.42 0.005125 0.0165
