0 0.5915178571428571 0.6165674603174603 0.013392857142857142 0.017526455026455025
0 0.4381200396825397 0.6337632275132276 0.002728174603174603 0.0036375661375661374
0 0.5760168650793651 0.6253306878306878 0.01066468253968254 0.01917989417989418
0 0.5472470238095238 0.4763558201058201 0.06820436507936507 0.02017195767195767
0 0.5252976190476191 0.6430224867724867 0.010912698412698412 0.00496031746031746
0 0.5057043650793651 0.6335978835978836 0.003472222222222222 0.003968253968253968
0 0.5133928571428571 0.6312830687830688 0.00248015873015873 0.0033068783068783067
0 0.566344246031746 0.6383928571428571 0.004216269841269841 0.002976190476190476
0 0.5762648809523809 0.6370701058201058 0.006696428571428571 0.004298941798941799
0 0.6707589285714286 0.6137566137566137 0.02058531746031746 0.013888888888888888
0 0.5096726190476191 0.6331018518518519 0.003472222222222222 0.004298941798941799
0 0.5478670634920635 0.5198412698412699 0.06845238095238096 0.06613756613756613
0 0.566468253968254 0.6335978835978836 0.00496031746031746 0.006613756613756613
0 0.46688988095238093 0.5099206349206349 0.0726686507936508 0.08796296296296297
0 0.669890873015873 0.5876322751322751 0.030257936507936508 0.03835978835978836
0 0.5916418650793651 0.62880291005291 0.009672619047619048 0.006283068783068783
0 0.5250496031746031 0.6382275132275133 0.010416666666666666 0.005291005291005291
