0 0.4244791666666667 0.5702614379084967 0.017463235294117647 0.028594771241830064
0 0.4247855392156863 0.6092728758169934 0.0070465686274509805 0.010212418300653595
0 0.2852328431372549 0.5986519607843137 0.03553921568627451 0.020833333333333332
0 0.010416666666666666 0.6323529411764706 0.007965686274509803 0.010620915032679739
0 0.29212622549019607 0.5931372549019608 0.004595588235294118 0.005718954248366013
0 0.4244791666666667 0.6004901960784313 0.008272058823529412 0.02696078431372549
0 0.2737438725490196 0.5933415032679739 0.004595588235294118 0.0053104575163398695
0 0.3085171568627451 0.5959967320261438 0.004901960784313725 0.005718954248366013
0 0.29090073529411764 0.6223447712418301 0.008272058823529412 0.009395424836601307
0 0.31234681372549017 0.5996732026143791 0.017463235294117647 0.01715686274509804
0 0.3008578431372549 0.6219362745098039 0.011029411764705883 0.010212418300653595
0 0.33777573529411764 0.6284722222222222 0.005821078431372549 0.009395424836601307
