0 0.2535232843137255 0.547998366013072 0.020526960784313725 0.026552287581699346
0 0.25474877450980393 0.5165441176470589 0.02665441176470588 0.034722222222222224
0 0.59375 0.38848039215686275 0.08272058823529412 0.07434640522875817
0 0.5873161764705882 0.44362745098039214 0.09313725490196079 0.04411764705882353
0 0.5868566176470589 0.4832516339869281 0.09283088235294118 0.042483660130718956
0 0.577359068627451 0.403390522875817 0.018075980392156864 0.024918300653594773
0 0.33670343137254904 0.5688316993464052 0.03002450980392157 0.02900326797385621
0 0.5874693627450981 0.5220588235294118 0.09221813725490197 0.04003267973856209
0 0.3075980392156863 0.5810866013071896 0.009191176470588236 0.01184640522875817
0 0.5696997549019608 0.5224673202614379 0.013174019607843137 0.021241830065359478
