0 0.5339781746031746 0.7375992063492064 0.010912698412698412 0.01488095238095238
0 0.603546626984127 0.7855489417989417 0.006696428571428571 0.004298941798941799
0 0.6128472222222222 0.781084656084656 0.008928571428571428 0.00992063492063492
0 0.5426587301587301 0.7683531746031746 0.028273809523809524 0.011574074074074073
0 0.4595734126984127 0.7696759259259259 0.010912698412698412 0.00496031746031746
0 0.6122271825396826 0.7531415343915344 0.005208333333333333 0.0023148148148148147
0 0.541046626984127 0.7366071428571429 0.029017857142857144 0.05720899470899471
0 0.6056547619047619 0.7627314814814815 0.009424603174603174 0.012896825396825396
0 0.5341021825396826 0.7542989417989417 0.010168650793650794 0.01521164021164021
0 0.5835813492063492 0.7390873015873016 0.00744047619047619 0.0033068783068783067
0 0.5479910714285714 0.7549603174603174 0.01066468253968254 0.01455026455026455
0 0.6154513888888888 0.7620701058201058 0.010168650793650794 0.014219576719576719
0 0.5476190476190477 0.7377645502645502 0.010416666666666666 0.01521164021164021
0 0.5806051587301587 0.7521494708994709 0.013888888888888888 0.022817460317460316
0 0.5639880952380952 0.767526455026455 0.005456349206349206 0.006613756613756613
0 0.5478670634920635 0.7180886243386243 0.00744047619047619 0.014219576719576719
0 0.5336061507936508 0.7179232804232805 0.00818452380952381 0.01521164021164021
0 0.49429563492063494 0.7668650793650794 0.005456349206349206 0.013888888888888888
