0 0.9584865196078431 0.42626633986928103 0.009497549019607842 0.02165032679738562
0 0.9546568627450981 0.41482843137254904 0.009191176470588236 0.023284313725490197
0 0.6525735294117647 0.3786764705882353 0.025122549019607844 0.03431372549019608
0 0.9947916666666666 0.46425653594771243 0.009191176470588236 0.028186274509803922
0 0.6637561274509803 0.3903186274509804 0.0272671568627451 0.037173202614379085
0 0.641390931372549 0.4050245098039216 0.02420343137254902 0.03390522875816993
0 0.9500612745098039 0.4348447712418301 0.009191176470588236 0.023284313725490197
0 0.6272977941176471 0.42340686274509803 0.04381127450980392 0.04616013071895425
0 0.8284313725490197 0.3860294117647059 0.00857843137254902 0.031862745098039214
0 0.8314950980392157 0.40522875816993464 0.006740196078431373 0.031862745098039214
0 0.8241421568627451 0.4117647058823529 0.011029411764705883 0.03594771241830065
