0 0.39231004901960786 0.7279411764705882 0.009497549019607842 0.004901960784313725
0 0.4892769607843137 0.7291666666666666 0.00857843137254902 0.004084967320261438
0 0.7872242647058824 0.6746323529411765 0.014399509803921568 0.023284313725490197
0 0.5678615196078431 0.7205882352941176 0.013786764705882353 0.017973856209150325
0 0.6049325980392157 0.6723856209150327 0.015012254901960785 0.018790849673202614
0 0.44286151960784315 0.7461192810457516 0.0033700980392156864 0.0053104575163398695
0 0.9325980392156863 0.6868872549019608 0.012867647058823529 0.0298202614379085
0 0.39797794117647056 0.3917483660130719 0.044730392156862746 0.05718954248366013
0 0.421875 0.6909722222222222 0.015318627450980392 0.020016339869281044
0 0.3394607843137255 0.6887254901960784 0.03370098039215686 0.05310457516339869
0 0.45450367647058826 0.7203839869281046 0.003982843137254902 0.0053104575163398695
0 0.9350490196078431 0.7118055555555556 0.012867647058823529 0.020833333333333332
