0 0.6011029411764706 0.5110294117647058 0.03553921568627451 0.04411764705882353
0 0.6311274509803921 0.5569852941176471 0.011029411764705883 0.010212418300653595
0 0.7133884803921569 0.5424836601307189 0.017463235294117647 0.03431372549019608
0 0.8207720588235294 0.5367647058823529 0.009191176470588236 0.012254901960784314
0 0.8318014705882353 0.5067401960784313 0.010416666666666666 0.012663398692810458
0 0.6683517156862745 0.4479166666666667 0.0897671568627451 0.053513071895424834
0 0.6833639705882353 0.5210375816993464 0.040747549019607844 0.05514705882352941
0 0.8200061274509803 0.5218545751633987 0.01011029411764706 0.01184640522875817
0 0.45588235294117646 0.5814950980392157 0.0055147058823529415 0.007761437908496732
0 0.44546568627450983 0.5825163398692811 0.0024509803921568627 0.0032679738562091504
0 0.5018382352941176 0.5435049019607843 0.01715686274509804 0.011029411764705883
0 0.8252144607843137 0.5249183006535948 0.030330882352941176 0.06045751633986928
