0 0.5575721153846154 0.6786324786324787 0.013221153846153846 0.023931623931623933
0 0.9264423076923077 0.6756410256410257 0.013942307692307693 0.023076923076923078
0 0.5157451923076923 0.5662393162393162 0.026682692307692307 0.040170940170940174
0 0.44915865384615383 0.6688034188034188 0.024278846153846154 0.04700854700854701
0 0.7022836538461539 0.5935897435897436 0.02235576923076923 0.039316239316239315
0 0.5163461538461539 0.6036324786324786 0.019230769230769232 0.03461538461538462
0 0.7012019230769231 0.5504273504273505 0.03173076923076923 0.04786324786324787
0 0.44927884615384617 0.5497863247863248 0.02403846153846154 0.045726495726495724
0 0.309375 0.6322649572649572 0.006730769230769231 0.01581196581196581
0 0.8682692307692308 0.5643162393162393 0.03221153846153846 0.025213675213675214
0 0.8681490384615385 0.54508547008547 0.03341346153846154 0.02435897435897436
