0 0.5186887254901961 0.5220588235294118 0.02144607843137255 0.00980392156862745
0 0.5453431372549019 0.5218545751633987 0.02144607843137255 0.011029411764705883
0 0.5453431372549019 0.5324754901960784 0.02144607843137255 0.01184640522875817
0 0.5764399509803921 0.5772058823529411 0.008884803921568627 0.011437908496732025
0 0.6315870098039216 0.5894607843137255 0.010723039215686275 0.013888888888888888
0 0.7709865196078431 0.547998366013072 0.03829656862745098 0.05024509803921569
0 0.7714460784313726 0.4752859477124183 0.07536764705882353 0.09763071895424837
0 0.2025122549019608 0.53125 0.00857843137254902 0.011029411764705883
0 0.23115808823529413 0.5318627450980392 0.008272058823529412 0.008986928104575163
0 0.5764399509803921 0.5647467320261438 0.009497549019607842 0.012663398692810458
0 0.3550857843137255 0.525531045751634 0.018995098039215685 0.024101307189542485
0 0.32245710784313725 0.5310457516339869 0.015625 0.0196078431372549
0 0.2928921568627451 0.5322712418300654 0.012867647058823529 0.01715686274509804
0 0.2617953431372549 0.5320669934640523 0.013174019607843137 0.016748366013071895
0 0.5180759803921569 0.5322712418300654 0.020833333333333332 0.011437908496732025
