0 0.40053353658536583 0.6534552845528455 0.009527439024390244 0.010670731707317074
0 0.5406821646341463 0.6557418699186992 0.00857469512195122 0.011686991869918699
0 0.66015625 0.5973069105691057 0.025724085365853657 0.032520325203252036
0 0.7167492378048781 0.6501524390243902 0.009336890243902439 0.012703252032520325
0 0.6604420731707317 0.6260162601626016 0.025152439024390245 0.029471544715447155
0 0.6637766768292683 0.6460873983739838 0.018483231707317072 0.008638211382113821
0 0.6586318597560976 0.6641260162601627 0.009717987804878049 0.012703252032520325
0 0.5192454268292683 0.6529471544715447 0.010289634146341464 0.011686991869918699
0 0.3153582317073171 0.598704268292683 0.026676829268292682 0.032266260162601625
0 0.51953125 0.6648882113821138 0.008955792682926829 0.013719512195121951
0 0.4024390243902439 0.6653963414634146 0.009527439024390244 0.013211382113821139
0 0.3160251524390244 0.6298272357723578 0.027629573170731708 0.029471544715447155
0 0.31459603658536583 0.6492632113821138 0.022103658536585365 0.007876016260162601
