0 0.7888144841269841 0.3726851851851852 0.00818452380952381 0.013227513227513227
0 0.9429563492063492 0.33647486772486773 0.013888888888888888 0.020833333333333332
0 0.5576636904761905 0.3439153439153439 0.01711309523809524 0.021825396825396824
0 0.6486855158730159 0.392526455026455 0.004712301587301587 0.009259259259259259
0 0.34226190476190477 0.3039021164021164 0.021825396825396824 0.03306878306878307
0 0.28856646825396826 0.3123346560846561 0.019593253968253968 0.02943121693121693
0 0.5562996031746031 0.3177910052910053 0.018849206349206348 0.02447089947089947
0 0.3148561507936508 0.30753968253968256 0.021081349206349208 0.031746031746031744
0 0.5601438492063492 0.3931878306878307 0.038938492063492064 0.0205026455026455
0 0.5230654761904762 0.40988756613756616 0.003472222222222222 0.007605820105820105
0 0.5591517857142857 0.3708664021164021 0.018601190476190476 0.02414021164021164
0 0.34412202380952384 0.34308862433862436 0.021577380952380952 0.03207671957671958
0 0.29055059523809523 0.3501984126984127 0.019593253968253968 0.02976190476190476
0 0.32155257936507936 0.39384920634920634 0.08754960317460317 0.04894179894179894
0 0.3165922619047619 0.3468915343915344 0.021081349206349208 0.03042328042328042
0 0.31547619047619047 0.30539021164021163 0.09523809523809523 0.14186507936507936
