0 0.5703125 0.5829248366013072 0.014399509803921568 0.01715686274509804
0 0.5430453431372549 0.5804738562091504 0.015012254901960785 0.01715686274509804
0 0.75 0.6921977124183006 0.011029411764705883 0.01838235294117647
0 0.15854779411764705 0.5202205882352942 0.03829656862745098 0.06658496732026144
0 0.5813419117647058 0.7038398692810458 0.021139705882352942 0.04411764705882353
0 0.8049938725490197 0.6480800653594772 0.03768382352941176 0.04534313725490196
0 0.6536458333333334 0.5849673202614379 0.015012254901960785 0.017973856209150325
0 0.6660539215686274 0.715890522875817 0.00857843137254902 0.012663398692810458
0 0.6256127450980392 0.5841503267973857 0.014705882352941176 0.017973856209150325
0 0.515625 0.579248366013072 0.014093137254901961 0.01715686274509804
0 0.3987438725490196 0.5377859477124183 0.13572303921568626 0.04861111111111111
0 0.578125 0.5337009803921569 0.20465686274509803 0.07393790849673203
0 0.25474877450980393 0.5334967320261438 0.13817401960784315 0.04656862745098039
0 0.15793504901960784 0.5296160130718954 0.029105392156862746 0.037173202614379085
0 0.5585171568627451 0.5365604575163399 0.014705882352941176 0.01838235294117647
0 0.5981924019607843 0.5835375816993464 0.013786764705882353 0.016748366013071895
0 0.6969975490196079 0.7105800653594772 0.012867647058823529 0.01838235294117647
