0 0.7715992647058824 0.4264705882352941 0.020526960784313725 0.054466230936819175
0 0.5387561274509803 0.5495642701525054 0.005208333333333333 0.014161220043572984
0 0.7737438725490197 0.4812091503267974 0.021752450980392156 0.0528322440087146
0 0.7757352941176471 0.5177015250544662 0.022058823529411766 0.016884531590413945
0 0.6363357843137255 0.5155228758169934 0.011029411764705883 0.01252723311546841
0 0.5473345588235294 0.545751633986928 0.007659313725490196 0.011982570806100218
0 0.5522365196078431 0.5413943355119826 0.004595588235294118 0.008714596949891068
0 0.5183823529411765 0.511437908496732 0.00428921568627451 0.008714596949891068
0 0.5101102941176471 0.46868191721132896 0.00980392156862745 0.005991285403050109
0 0.5776654411764706 0.5435729847494554 0.0033700980392156864 0.011982570806100218
0 0.5068933823529411 0.5127995642701525 0.006433823529411764 0.003812636165577342
0 0.5315563725490197 0.5427559912854031 0.0055147058823529415 0.009259259259259259
0 0.5906862745098039 0.525871459694989 0.0055147058823529415 0.01906318082788671
0 0.5327818627450981 0.5520152505446623 0.00428921568627451 0.005991285403050109
