0 0.8890128968253969 0.5238095238095238 0.02554563492063492 0.026455026455026454
0 0.5703125 0.6279761904761905 0.026041666666666668 0.007936507936507936
0 0.5063244047619048 0.7022156084656085 0.003224206349206349 0.00496031746031746
0 0.5132688492063492 0.7055224867724867 0.001240079365079365 0.004298941798941799
0 0.1572420634920635 0.6319444444444444 0.007936507936507936 0.013227513227513227
0 0.36904761904761907 0.6899801587301587 0.00992063492063492 0.012896825396825396
0 0.38938492063492064 0.6292989417989417 0.006944444444444444 0.012566137566137565
0 0.4887152777777778 0.6949404761904762 0.005208333333333333 0.008267195767195767
0 0.7741815476190477 0.6643518518518519 0.007688492063492063 0.01917989417989418
0 0.7818700396825397 0.564318783068783 0.006200396825396825 0.02017195767195767
0 0.47780257936507936 0.691468253968254 0.002728174603174603 0.008597883597883597
