0 0.4176587301587302 0.5390211640211641 0.003472222222222222 0.005291005291005291
0 0.8624751984126984 0.5492724867724867 0.005208333333333333 0.011904761904761904
0 0.47953869047619047 0.5415013227513228 0.005208333333333333 0.00958994708994709
0 0.9959077380952381 0.5365410052910053 0.007688492063492063 0.023478835978835978
0 0.6417410714285714 0.5557208994708994 0.03050595238095238 0.00958994708994709
0 0.7385912698412699 0.548776455026455 0.023809523809523808 0.008928571428571428
0 0.9981398809523809 0.5638227513227513 0.003224206349206349 0.007936507936507936
0 0.4140625 0.53505291005291 0.005704365079365079 0.001984126984126984
0 0.5798611111111112 0.5520833333333334 0.008928571428571428 0.017526455026455025
0 0.41964285714285715 0.5355489417989417 0.003472222222222222 0.0023148148148148147
0 0.6423611111111112 0.5454695767195767 0.03125 0.010912698412698412
0 0.6631944444444444 0.5128968253968254 0.01240079365079365 0.017857142857142856
0 0.5802331349206349 0.533068783068783 0.011656746031746032 0.01984126984126984
0 0.5770089285714286 0.46924603174603174 0.004712301587301587 0.008597883597883597
0 0.4176587301587302 0.5439814814814815 0.004464285714285714 0.005291005291005291
0 0.9971478174603174 0.5547288359788359 0.005208333333333333 0.012235449735449735
