0 0.3410218253968254 0.08581349206349206 0.00992063492063492 0.01951058201058201
0 0.2725694444444444 0.10284391534391535 0.00744047619047619 0.015873015873015872
0 0.38504464285714285 0.08531746031746032 0.01066468253968254 0.023148148148148147
0 0.2534722222222222 0.15211640211640212 0.009424603174603174 0.01984126984126984
0 0.25111607142857145 0.13475529100529102 0.007688492063492063 0.01488095238095238
0 0.24913194444444445 0.11574074074074074 0.007688492063492063 0.017857142857142856
0 0.27467757936507936 0.12136243386243387 0.009672619047619048 0.01917989417989418
0 0.3072916666666667 0.1259920634920635 0.007936507936507936 0.017195767195767195
0 0.36061507936507936 0.3245701058201058 0.014384920634920634 0.02017195767195767
0 0.36408730158730157 0.029265873015873016 0.011408730158730158 0.022817460317460316
0 0.2201140873015873 0.3100198412698413 0.01314484126984127 0.016865079365079364
0 0.39694940476190477 0.3186177248677249 0.012648809523809524 0.02017195767195767
0 0.35044642857142855 0.3566468253968254 0.012896825396825396 0.020833333333333332
0 0.2421875 0.15906084656084657 0.008680555555555556 0.01521164021164021
0 0.2650049603174603 0.14732142857142858 0.007192460317460317 0.014219576719576719
0 0.3838045634920635 0.29133597883597884 0.016617063492063492 0.02447089947089947
0 0.37810019841269843 0.020006613756613757 0.009176587301587302 0.018849206349206348
0 0.36669146825396826 0.04976851851851852 0.008680555555555556 0.016865079365079364
0 0.33643353174603174 0.04513888888888889 0.008680555555555556 0.01951058201058201
0 0.3712797619047619 0.35284391534391535 0.013888888888888888 0.023148148148148147
0 0.3167162698412698 0.12003968253968254 0.00744047619047619 0.016534391534391533
0 0.24665178571428573 0.09722222222222222 0.007688492063492063 0.016534391534391533
0 0.37276785714285715 0.25925925925925924 0.015376984126984126 0.028439153439153438
0 0.35044642857142855 0.03736772486772487 0.009424603174603174 0.021164021164021163
0 0.328125 0.09226190476190477 0.008928571428571428 0.01917989417989418
0 0.38231646825396826 0.062003968253968256 0.009176587301587302 0.018849206349206348
0 0.3707837301587302 0.09275793650793651 0.008928571428571428 0.018849206349206348
0 0.25669642857142855 0.3549933862433862 0.01488095238095238 0.02017195767195767
0 0.2586805555555556 0.09093915343915344 0.010912698412698412 0.017857142857142856
0 0.34759424603174605 0.2996031746031746 0.020089285714285716 0.021825396825396824
0 0.26264880952380953 0.12781084656084657 0.008432539682539682 0.017526455026455025
0 0.3551587301587302 0.07787698412698413 0.008432539682539682 0.01951058201058201
0 0.3132440476190476 0.3715277777777778 0.022321428571428572 0.026124338624338623
0 0.34337797619047616 0.10631613756613757 0.011656746031746032 0.021494708994708994
0 0.41530257936507936 0.3126653439153439 0.018105158730158732 0.023478835978835978
0 0.357390873015873 0.09953703703703703 0.010912698412698412 0.021164021164021163
0 0.26078869047619047 0.10912698412698413 0.007192460317460317 0.015873015873015872
0 0.32936507936507936 0.11359126984126984 0.009424603174603174 0.018187830687830687
0 0.24937996031746032 0.2986111111111111 0.01314484126984127 0.021825396825396824
0 0.2796378968253968 0.3773148148148148 0.012648809523809524 0.023809523809523808
0 0.2292906746031746 0.33349867724867727 0.01314484126984127 0.018187830687830687
0 0.23152281746031747 0.164021164021164 0.007688492063492063 0.016534391534391533
0 0.22743055555555555 0.12797619047619047 0.00744047619047619 0.016534391534391533
0 0.28608630952380953 0.34755291005291006 0.014632936507936508 0.023148148148148147
0 0.23623511904761904 0.10400132275132275 0.007688492063492063 0.016865079365079364
0 0.2442956349206349 0.32936507936507936 0.01636904761904762 0.02513227513227513
0 0.2720734126984127 0.351521164021164 0.011904761904761904 0.01917989417989418
0 0.2404513888888889 0.1390542328042328 0.008680555555555556 0.017526455026455025
0 0.3689236111111111 0.07126322751322751 0.009672619047619048 0.016865079365079364
0 0.32527281746031744 0.07208994708994709 0.009672619047619048 0.017195767195767195
0 0.35280257936507936 0.05787037037037037 0.009176587301587302 0.01917989417989418
0 0.380828373015873 0.042162698412698416 0.009672619047619048 0.022817460317460316
0 0.23821924603174602 0.12202380952380952 0.007192460317460317 0.01455026455026455
0 0.25037202380952384 0.38591269841269843 0.018105158730158732 0.023809523809523808
0 0.40848214285714285 0.34738756613756616 0.019345238095238096 0.026124338624338623
0 0.25892857142857145 0.32605820105820105 0.012896825396825396 0.018518518518518517
0 0.3637152777777778 0.2953042328042328 0.016617063492063492 0.021164021164021163
0 0.2734375 0.32076719576719576 0.014136904761904762 0.021825396825396824
0 0.39211309523809523 0.2521494708994709 0.020337301587301588 0.02943121693121693
0 0.3787202380952381 0.3212632275132275 0.015376984126984126 0.021494708994708994
0 0.3392857142857143 0.06564153439153439 0.008928571428571428 0.018849206349206348
0 0.35305059523809523 0.26703042328042326 0.014632936507936508 0.023478835978835978
0 0.3896329365079365 0.34970238095238093 0.017857142857142856 0.02546296296296296
0 0.2404513888888889 0.359292328042328 0.01314484126984127 0.021494708994708994
0 0.29464285714285715 0.37566137566137564 0.009424603174603174 0.023148148148148147
0 0.267609126984127 0.3804563492063492 0.011408730158730158 0.021494708994708994
0 0.4027777777777778 0.283234126984127 0.013888888888888888 0.0248015873015873
0 0.22544642857142858 0.11160714285714286 0.00744047619047619 0.01488095238095238
0 0.22916666666666666 0.14616402116402116 0.00744047619047619 0.017195767195767195
0 0.33283730158730157 0.36226851851851855 0.015376984126984126 0.022817460317460316
0 0.2347470238095238 0.30324074074074076 0.012152777777777778 0.017857142857142856
0 0.2974950396825397 0.13111772486772486 0.006200396825396825 0.013558201058201057
0 0.2769097222222222 0.14186507936507936 0.007688492063492063 0.015873015873015872
