0 0.17784926470588236 0.5416666666666666 0.0701593137254902 0.12990196078431374
0 0.5004595588235294 0.49387254901960786 0.05116421568627451 0.05310457516339869
0 0.7431066176470589 0.5263480392156863 0.05177696078431373 0.05106209150326797
0 0.6847426470588235 0.6031454248366013 0.02144607843137255 0.030637254901960783
0 0.4921875 0.4973447712418301 0.008272058823529412 0.010212418300653595
0 0.5013786764705882 0.5100081699346405 0.008884803921568627 0.009395424836601307
0 0.5096507352941176 0.6343954248366013 0.011948529411764705 0.015522875816993464
0 0.5096507352941176 0.6464460784313726 0.010723039215686275 0.00857843137254902
0 0.7141544117647058 0.608047385620915 0.012867647058823529 0.044526143790849675
0 0.7478553921568627 0.6294934640522876 0.015318627450980392 0.02287581699346405
