0 0.39037698412698413 0.4809854497354497 0.01240079365079365 0.016203703703703703
0 0.39360119047619047 0.4356812169312169 0.01240079365079365 0.015542328042328041
0 0.5190972222222222 0.48644179894179895 0.005456349206349206 0.007275132275132275
0 0.3975694444444444 0.2802579365079365 0.056051587301587304 0.01951058201058201
0 0.3922371031746032 0.4566798941798942 0.01314484126984127 0.017195767195767195
0 0.3804563492063492 0.4566798941798942 0.008928571428571428 0.011243386243386243
0 0.3929811507936508 0.44659391534391535 0.012152777777777778 0.006944444444444444
0 0.3792162698412698 0.46395502645502645 0.008432539682539682 0.004629629629629629
0 0.5187251984126984 0.49189814814814814 0.005704365079365079 0.0036375661375661374
0 0.7341269841269841 0.47437169312169314 0.006448412698412698 0.02017195767195767
0 0.39099702380952384 0.4689153439153439 0.009176587301587302 0.00992063492063492
0 0.44680059523809523 0.5067791005291006 0.004216269841269841 0.007605820105820105
0 0.4697420634920635 0.490244708994709 0.00496031746031746 0.006283068783068783
