0 0.561141304347826 0.6888998682476943 0.005681818181818182 0.008893280632411068
0 0.4331768774703557 0.6857707509881423 0.002223320158102767 0.007905138339920948
0 0.5581768774703557 0.6778656126482213 0.005681818181818182 0.015810276679841896
0 0.6169713438735178 0.6811594202898551 0.007658102766798419 0.009881422924901186
0 0.4515810276679842 0.6795125164690382 0.00691699604743083 0.009881422924901186
0 0.5699110671936759 0.6918642951251647 0.0024703557312252965 0.007575757575757576
0 0.4881422924901186 0.6854413702239789 0.003458498023715415 0.006587615283267457
0 0.41094367588932806 0.6653491436100132 0.017539525691699604 0.030303030303030304
0 0.5272974308300395 0.6678194993412385 0.012598814229249012 0.016798418972332016
0 0.5726284584980237 0.691699604743083 0.0029644268774703555 0.005928853754940711
0 0.42539525691699603 0.6869235836627141 0.003458498023715415 0.004281949934123847
0 0.4106966403162055 0.6618906455862977 0.016551383399209488 0.021409749670619236
0 0.35622529644268774 0.6777009222661396 0.009881422924901186 0.013504611330698288
0 0.49728260869565216 0.6842885375494071 0.003952569169960474 0.007575757575757576
0 0.6168478260869565 0.6839591567852438 0.010869565217391304 0.018115942028985508
0 0.5277915019762845 0.6707839262187089 0.015563241106719368 0.0266798418972332
0 0.48085474308300397 0.6852766798418972 0.002717391304347826 0.004940711462450593
0 0.41020256916996045 0.6767127799736495 0.017045454545454544 0.007575757575757576
