0 0.6708984375 0.6638020833333333 0.009765625 0.013020833333333334
0 0.5583984375 0.6682291666666667 0.006640625 0.009375
0 0.56953125 0.6700520833333333 0.0078125 0.0109375
0 0.68984375 0.665625 0.05625 0.05
0 0.4548828125 0.6677083333333333 0.008984375 0.0125
0 0.51015625 0.6546875 0.00625 0.005208333333333333
0 0.6833984375 0.6645833333333333 0.009765625 0.0125
0 0.7080078125 0.665625 0.009765625 0.0125
0 0.695703125 0.6653645833333334 0.01015625 0.013020833333333334
0 0.5013671875 0.6278645833333333 0.003515625 0.0046875
