0 0.17890019379844962 0.32751937984496127 0.18338178294573643 0.06330749354005168
0 0.7726501937984496 0.4416989664082687 0.007025193798449613 0.00872093023255814
0 0.1429263565891473 0.15616925064599482 0.05426356589147287 0.07719638242894057
0 0.18071705426356588 0.14809431524547803 0.17587209302325582 0.29618863049095606
0 0.7722868217054264 0.4321705426356589 0.007267441860465116 0.008397932816537468
0 0.9844961240310077 0.24983850129198967 0.030523255813953487 0.2109173126614987
0 0.9865552325581395 0.28068475452196384 0.02640503875968992 0.07041343669250646
0 0.9859496124031008 0.19460594315245477 0.027616279069767442 0.06621447028423773
0 0.7727713178294574 0.4258720930232558 0.006782945736434108 0.0029069767441860465
0 0.6919815891472868 0.44896640826873385 0.013808139534883721 0.0071059431524547806
0 0.6907703488372093 0.4488049095607235 0.005087209302325582 0.005490956072351421
0 0.6919815891472868 0.4546188630490956 0.01187015503875969 0.004198966408268734
0 0.7464874031007752 0.4588178294573643 0.007025193798449613 0.004198966408268734
0 0.6923449612403101 0.4588178294573643 0.012596899224806201 0.0035529715762273903
0 0.1826550387596899 0.02567829457364341 0.055232558139534885 0.05135658914728682
0 0.1746608527131783 0.3775839793281654 0.13275193798449614 0.03294573643410853
0 0.7726501937984496 0.4391149870801034 0.00944767441860465 0.021640826873385012
