0 0.336669921875 0.490234375 0.01123046875 0.015625
0 0.590576171875 0.462890625 0.02490234375 0.01953125
0 0.45166015625 0.4752604166666667 0.0263671875 0.020833333333333332
0 0.3359375 0.4729817708333333 0.01171875 0.014973958333333334
0 0.243896484375 0.4381510416666667 0.03369140625 0.059895833333333336
0 0.55810546875 0.4658203125 0.0146484375 0.018880208333333332
0 0.48974609375 0.48046875 0.0048828125 0.005208333333333333
0 0.541748046875 0.4951171875 0.00537109375 0.0032552083333333335
0 0.5419921875 0.4905598958333333 0.00390625 0.005859375
0 0.5810546875 0.5139973958333334 0.0078125 0.008463541666666666
0 0.55810546875 0.4866536458333333 0.013671875 0.024088541666666668
