0 0.4699754901960784 0.7258986928104575 0.025735294117647058 0.027777777777777776
0 0.18137254901960784 0.6615604575163399 0.05943627450980392 0.0625
0 0.16988357843137256 0.7459150326797386 0.04503676470588235 0.06454248366013073
0 0.059283088235294115 0.7048611111111112 0.040747549019607844 0.06413398692810457
0 0.5171568627450981 0.7941176470588235 0.00980392156862745 0.012254901960784314
0 0.5635723039215687 0.7873774509803921 0.0027573529411764708 0.00857843137254902
0 0.40456495098039214 0.7826797385620915 0.013174019607843137 0.013888888888888888
0 0.40379901960784315 0.7930964052287581 0.011029411764705883 0.006127450980392157
0 0.11856617647058823 0.7845179738562091 0.00980392156862745 0.007761437908496732
0 0.1325061274509804 0.7673611111111112 0.02542892156862745 0.030637254901960783
0 0.4446997549019608 0.8024918300653595 0.008272058823529412 0.007761437908496732
0 0.012408088235294117 0.7626633986928104 0.003982843137254902 0.004901960784313725
0 0.01914828431372549 0.7616421568627451 0.0033700980392156864 0.006944444444444444
0 0.2850796568627451 0.7269199346405228 0.03278186274509804 0.028186274509803922
