0 0.9190512048192772 0.5401606425702812 0.008283132530120483 0.010040160642570281
0 0.3023343373493976 0.5746318607764391 0.003263052208835341 0.012048192771084338
0 0.15825803212851405 0.5560575635876841 0.01782128514056225 0.006358768406961178
0 0.30258534136546184 0.5783132530120482 0.004769076305220884 0.024096385542168676
0 0.915035140562249 0.46653279785809904 0.01782128514056225 0.03145917001338688
0 0.918925702811245 0.5235943775100401 0.00853413654618474 0.011713520749665328
0 0.8959588353413654 0.5483601070950469 0.012299196787148595 0.034471218206157964
0 0.9186746987951807 0.5115461847389559 0.007530120481927711 0.01104417670682731
0 0.918925702811245 0.5279451137884873 0.010040160642570281 0.04785809906291834
0 0.9289658634538153 0.44929718875502006 0.017570281124497992 0.020414993306559572
0 0.9302208835341366 0.4747322623828648 0.017570281124497992 0.03179384203480589
0 0.8955823293172691 0.5425033467202142 0.008032128514056224 0.018741633199464525
0 0.1532379518072289 0.6005689424364123 0.010291164658634538 0.01639892904953146
0 0.7873995983935743 0.5845046854082999 0.006526104417670682 0.009036144578313253
0 0.8987198795180723 0.5245983935742972 0.0077811244979919675 0.01104417670682731
0 0.9146586345381527 0.4605087014725569 0.010542168674698794 0.013386880856760375
0 0.9299698795180723 0.4683734939759036 0.011546184738955823 0.013721552878179385
0 0.9393825301204819 0.42720883534136544 0.04241967871485944 0.013052208835341365
0 0.898468875502008 0.5137215528781793 0.01179718875502008 0.006693440428380187
0 0.40775602409638556 0.5557228915662651 0.012299196787148595 0.0050200803212851405
