0 0.4096200980392157 0.5496323529411765 0.007965686274509803 0.010212418300653595
0 0.7326899509803921 0.4838643790849673 0.01685049019607843 0.024918300653594773
0 0.7503063725490197 0.5067401960784313 0.010416666666666666 0.016748366013071895
0 0.7346813725490197 0.508578431372549 0.015931372549019607 0.02369281045751634
0 0.7671568627450981 0.5116421568627451 0.02267156862745098 0.01184640522875817
0 0.5484068627450981 0.5279820261437909 0.0196078431372549 0.0053104575163398695
0 0.5494791666666666 0.5388071895424836 0.018688725490196078 0.005718954248366013
0 0.8010110294117647 0.5878267973856209 0.0070465686274509805 0.035130718954248366
0 0.4875919117647059 0.5294117647058824 0.018688725490196078 0.025326797385620915
0 0.7670036764705882 0.49673202614379086 0.02542892156862745 0.04330065359477124
0 0.5485600490196079 0.5243055555555556 0.01991421568627451 0.006127450980392157
0 0.48606004901960786 0.5002042483660131 0.024816176470588234 0.03145424836601307
0 0.4105392156862745 0.5594362745098039 0.007352941176470588 0.010212418300653595
0 0.7601102941176471 0.5933415032679739 0.006740196078431373 0.034722222222222224
0 0.5485600490196079 0.5330882352941176 0.019301470588235295 0.005718954248366013
0 0.5500919117647058 0.5441176470588235 0.017463235294117647 0.004901960784313725
0 0.4111519607843137 0.5671977124183006 0.006127450980392157 0.006944444444444444
