0 0.17113095238095238 0.6010251322751323 0.009424603174603174 0.01025132275132275
0 0.5487351190476191 0.6197089947089947 0.005208333333333333 0.009259259259259259
0 0.45324900793650796 0.6207010582010583 0.002728174603174603 0.003968253968253968
0 0.4575892857142857 0.6359126984126984 0.003472222222222222 0.003968253968253968
0 0.1267361111111111 0.6228505291005291 0.011904761904761904 0.010912698412698412
0 0.5224454365079365 0.6087962962962963 0.018105158730158732 0.006613756613756613
0 0.1362847222222222 0.609457671957672 0.014632936507936508 0.007275132275132275
0 0.14174107142857142 0.59375 0.007192460317460317 0.005621693121693121
0 0.5071924603174603 0.6233465608465608 0.00496031746031746 0.0033068783068783067
0 0.5231894841269841 0.6173941798941799 0.012152777777777778 0.013227513227513227
0 0.15749007936507936 0.6243386243386243 0.007936507936507936 0.013888888888888888
0 0.5967261904761905 0.548776455026455 0.015873015873015872 0.011574074074074073
0 0.5972222222222222 0.5753968253968254 0.015376984126984126 0.0205026455026455
0 0.17113095238095238 0.5925925925925926 0.011904761904761904 0.005952380952380952
0 0.1440972222222222 0.5972222222222222 0.011408730158730158 0.005952380952380952
0 0.32800099206349204 0.6116071428571429 0.009672619047619048 0.012896825396825396
0 0.5487351190476191 0.6117724867724867 0.012648809523809524 0.006613756613756613
0 0.5970982142857143 0.5596891534391535 0.015625 0.011574074074074073
0 0.3705357142857143 0.560515873015873 0.006944444444444444 0.011904761904761904
0 0.5073164682539683 0.6286375661375662 0.004712301587301587 0.006613756613756613
0 0.597718253968254 0.5932539682539683 0.013888888888888888 0.013888888888888888
0 0.6082589285714286 0.5967261904761905 0.009672619047619048 0.00496031746031746
0 0.15711805555555555 0.6365740740740741 0.009176587301587302 0.010582010582010581
