0 0.97734375 0.37569444444444444 0.04375 0.09305555555555556
0 0.015234375 0.4 0.03046875 0.025
0 0.48125 0.54375 0.01875 0.034722222222222224
0 0.015625 0.4215277777777778 0.03125 0.02361111111111111
0 0.015625 0.44375 0.03125 0.020833333333333332
0 0.98359375 0.42777777777777776 0.0328125 0.030555555555555555
0 0.2609375 0.6104166666666667 0.0125 0.034722222222222224
0 0.984375 0.47291666666666665 0.03125 0.07361111111111111
0 0.99296875 0.6118055555555556 0.0140625 0.04583333333333333
0 0.015625 0.4652777777777778 0.03125 0.022222222222222223
0 0.989453125 0.54375 0.02109375 0.07083333333333333
0 0.10703125 0.48125 0.015625 0.0375
