0 0.2604166666666667 0.593915343915344 0.02628968253968254 0.03373015873015873
0 0.6021825396825397 0.6086309523809523 0.01636904761904762 0.022156084656084655
0 0.05233134920634921 0.5654761904761905 0.01984126984126984 0.05092592592592592
0 0.25756448412698413 0.6638558201058201 0.024553571428571428 0.022817460317460316
0 0.3334573412698413 0.6610449735449735 0.007688492063492063 0.009259259259259259
0 0.10255456349206349 0.6666666666666666 0.009672619047619048 0.031746031746031744
0 0.2585565476190476 0.6388888888888888 0.010168650793650794 0.028439153439153438
0 0.25930059523809523 0.6178902116402116 0.03149801587301587 0.012896825396825396
0 0.6066468253968254 0.6137566137566137 0.005952380952380952 0.007275132275132275
0 0.4340277777777778 0.6630291005291006 0.003968253968253968 0.005952380952380952
0 0.33271329365079366 0.667989417989418 0.006200396825396825 0.003968253968253968
0 0.4332837301587302 0.6612103174603174 0.005456349206349206 0.011574074074074073
0 0.6052827380952381 0.6058201058201058 0.005704365079365079 0.007275132275132275
