0 0.32827818627450983 0.5759803921568627 0.0272671568627451 0.03676470588235294
0 0.3169424019607843 0.6296977124183006 0.02665441176470588 0.0363562091503268
0 0.6415441176470589 0.6345996732026143 0.03308823529411765 0.042075163398692814
0 0.6121323529411765 0.5863970588235294 0.025735294117647058 0.03553921568627451
0 0.44806985294117646 0.6137663398692811 0.0033700980392156864 0.003676470588235294
0 0.45511642156862747 0.6123366013071896 0.0027573529411764708 0.004084967320261438
0 0.46400122549019607 0.6200980392156863 0.005821078431372549 0.006535947712418301
0 0.41130514705882354 0.6186683006535948 0.004595588235294118 0.006127450980392157
0 0.3290441176470588 0.5774101307189542 0.009191176470588236 0.015931372549019607
0 0.41605392156862747 0.610498366013072 0.0030637254901960784 0.0053104575163398695
0 0.6115196078431373 0.5878267973856209 0.009191176470588236 0.015522875816993464
0 0.42003676470588236 0.6127450980392157 0.0024509803921568627 0.004084967320261438
