0 0.5197610294117647 0.5490196078431373 0.005821078431372549 0.011982570806100218
0 0.5399816176470589 0.4553376906318083 0.03462009803921569 0.014161220043572984
0 0.7653186274509803 0.4752178649237473 0.03676470588235294 0.0920479302832244
0 0.7009803921568627 0.48175381263616557 0.02022058823529412 0.04084967320261438
0 0.5595894607843137 0.5759803921568627 0.019301470588235295 0.0332244008714597
0 0.5376838235294118 0.5503812636165577 0.007965686274509803 0.011437908496732025
0 0.6999080882352942 0.5302287581699346 0.018688725490196078 0.03213507625272331
0 0.7006740196078431 0.5089869281045751 0.01838235294117647 0.014705882352941176
0 0.46920955882352944 0.5378540305010894 0.005821078431372549 0.010348583877995643
0 0.48743872549019607 0.5503812636165577 0.007965686274509803 0.01579520697167756
