0 0.7662037037037037 0.5198045267489712 0.05169753086419753 0.038580246913580245
0 0.7650462962962963 0.4801954732510288 0.05092592592592592 0.04063786008230453
0 0.5401234567901234 0.5625 0.006944444444444444 0.00977366255144033
0 0.7065972222222222 0.5570987654320988 0.008101851851851851 0.015432098765432098
0 0.373070987654321 0.5776748971193416 0.0038580246913580245 0.00720164609053498
0 0.32156635802469136 0.5879629629629629 0.002700617283950617 0.00720164609053498
0 0.5395447530864198 0.5715020576131687 0.006558641975308642 0.00823045267489712
0 0.5399305555555556 0.5817901234567902 0.0073302469135802465 0.009259259259259259
0 0.5069444444444444 0.5805041152263375 0.0038580246913580245 0.00565843621399177
0 0.5185185185185185 0.57690329218107 0.006172839506172839 0.00977366255144033
0 0.527391975308642 0.573045267489712 0.004629629629629629 0.0102880658436214
