0 0.50234375 0.6359375 0.00859375 0.011458333333333333
0 0.0751953125 0.5963541666666666 0.018359375 0.026041666666666668
0 0.0755859375 0.5708333333333333 0.019140625 0.025
0 0.056640625 0.5716145833333334 0.01875 0.025520833333333333
0 0.59609375 0.6106770833333334 0.065625 0.0578125
0 0.0564453125 0.5966145833333333 0.018359375 0.025520833333333333
0 0.0560546875 0.6216145833333333 0.019140625 0.024479166666666666
0 0.152734375 0.5981770833333333 0.02890625 0.03697916666666667
0 0.520703125 0.6291666666666667 0.01171875 0.015625
0 0.0748046875 0.62109375 0.018359375 0.0234375
0 0.5017578125 0.6463541666666667 0.006640625 0.009375
