0 0.7441946640316206 0.711133069828722 0.011116600790513834 0.011857707509881422
0 0.7866847826086957 0.7035573122529645 0.02149209486166008 0.030961791831357048
0 0.7483942687747036 0.7304018445322793 0.024950592885375496 0.0266798418972332
0 0.7159090909090909 0.6800065876152833 0.022233201581027668 0.008893280632411068
0 0.37907608695652173 0.7493412384716732 0.008646245059288538 0.011857707509881422
0 0.48616600790513836 0.6888998682476943 0.023715415019762844 0.010869565217391304
0 0.3381916996047431 0.7155797101449275 0.02717391304347826 0.022727272727272728
0 0.6962697628458498 0.69433465085639 0.005187747035573123 0.008563899868247694
0 0.3388092885375494 0.7369894598155468 0.009140316205533596 0.02206851119894598
0 0.3780879446640316 0.7593873517786561 0.004199604743083004 0.008893280632411068
0 0.43132411067193677 0.7567523056653491 0.008399209486166008 0.004281949934123847
0 0.4602272727272727 0.7799736495388669 0.0029644268774703555 0.00461133069828722
0 0.743947628458498 0.747364953886693 0.0037055335968379445 0.006587615283267457
0 0.3778409090909091 0.7702569169960475 0.008152173913043478 0.01152832674571805
