0 0.4786241319444444 0.5127314814814815 0.007595486111111111 0.013117283950617283
0 0.9787326388888888 0.4988425925925926 0.008680555555555556 0.026234567901234566
0 0.9784071180555556 0.5271990740740741 0.010199652777777778 0.027391975308641976
0 0.5791015625 0.5162037037037037 0.009765625 0.02546296296296296
0 0.3679470486111111 0.4774305555555556 0.015842013888888888 0.02970679012345679
0 0.9794921875 0.5588348765432098 0.009331597222222222 0.03742283950617284
0 0.3436414930555556 0.4834104938271605 0.014973958333333334 0.013117283950617283
0 0.6997612847222222 0.5260416666666666 0.013671875 0.027391975308641976
0 0.4786241319444444 0.5221836419753086 0.008029513888888888 0.006558641975308642
0 0.4914279513888889 0.5055941358024691 0.004991319444444444 0.02353395061728395
0 0.5179036458333334 0.5347222222222222 0.004991319444444444 0.006172839506172839
0 0.2778862847222222 0.501929012345679 0.006293402777777778 0.006172839506172839
0 0.2706163194444444 0.5011574074074074 0.006944444444444444 0.006172839506172839
0 0.2838541666666667 0.5027006172839507 0.005208333333333333 0.006172839506172839
