0 0.3965600775193798 0.5466731266149871 0.012596899224806201 0.017118863049095608
0 0.3963178294573643 0.5293927648578811 0.014050387596899225 0.01744186046511628
0 0.5071463178294574 0.5439276485788114 0.025920542635658916 0.03488372093023256
0 0.8277616279069767 0.23578811369509045 0.10368217054263566 0.1434108527131783
0 0.8324854651162791 0.36078811369509045 0.07679263565891473 0.10852713178294573
0 0.5721899224806202 0.6064276485788114 0.02131782945736434 0.011950904392764857
0 0.5406976744186046 0.563468992248062 0.007751937984496124 0.02422480620155039
0 0.34689922480620156 0.5718669250645995 0.008236434108527133 0.009366925064599484
0 0.34629360465116277 0.5792958656330749 0.00993217054263566 0.004198966408268734
0 0.26719961240310075 0.5886627906976745 0.006298449612403101 0.005490956072351421
0 0.26477713178294576 0.583171834625323 0.009689922480620155 0.007428940568475452
0 0.32449127906976744 0.5755813953488372 0.005087209302325582 0.006459948320413436
0 0.32594476744186046 0.5862403100775194 0.006540697674418605 0.005813953488372093
0 0.3282461240310077 0.5780038759689923 0.0048449612403100775 0.006782945736434108
0 0.42296511627906974 0.6083656330749354 0.009689922480620155 0.007428940568475452
