0 0.5220445736434108 0.5269702842377261 0.007267441860465116 0.010012919896640826
0 0.9160610465116279 0.5066214470284238 0.023013565891472867 0.02616279069767442
0 0.5184108527131783 0.5789728682170543 0.006782945736434108 0.00872093023255814
0 0.5279796511627907 0.5810723514211886 0.004602713178294574 0.010981912144702842
0 0.45700096899224807 0.5573320413436692 0.0055717054263565895 0.00872093023255814
0 0.15382751937984496 0.537467700258398 0.01986434108527132 0.011627906976744186
0 0.529312015503876 0.5277777777777778 0.025193798449612403 0.01937984496124031
0 0.38166182170542634 0.5828488372093024 0.0055717054263565895 0.011304909560723515
0 0.39123062015503873 0.5910852713178295 0.006782945736434108 0.009689922480620155
0 0.4279312015503876 0.5938307493540051 0.00993217054263566 0.005490956072351421
0 0.9160610465116279 0.5103359173126615 0.03221899224806202 0.03940568475452196
