0 0.437109375 0.43125 0.01171875 0.020833333333333332
0 0.50703125 0.3972222222222222 0.0171875 0.027777777777777776
0 0.176953125 0.4361111111111111 0.01328125 0.005555555555555556
0 0.266796875 0.40625 0.00546875 0.009722222222222222
0 0.211328125 0.4236111111111111 0.03515625 0.027777777777777776
0 0.305078125 0.3993055555555556 0.00390625 0.0125
0 0.50703125 0.41180555555555554 0.0203125 0.06527777777777778
0 0.17734375 0.4465277777777778 0.0046875 0.006944444444444444
0 0.17734375 0.4236111111111111 0.009375 0.013888888888888888
0 0.217578125 0.3958333333333333 0.00546875 0.016666666666666666
0 0.245703125 0.3951388888888889 0.00546875 0.015277777777777777
0 0.119921875 0.42291666666666666 0.01484375 0.03194444444444444
0 0.275 0.39652777777777776 0.003125 0.0125
