0 0.5741279069767442 0.4796511627906977 0.014050387596899225 0.01614987080103359
0 0.5289486434108527 0.46705426356589147 0.033187984496124034 0.01937984496124031
0 0.8341812015503876 0.5090439276485789 0.010901162790697675 0.016795865633074936
0 0.47613856589147285 0.4673772609819121 0.0075096899224806205 0.013565891472868217
0 0.5993217054263565 0.4626937984496124 0.009205426356589148 0.020348837209302327
0 0.6346899224806202 0.5050064599483204 0.007751937984496124 0.00872093023255814
0 0.5236191860465116 0.5011304909560723 0.008478682170542635 0.01065891472868217
0 0.5994428294573644 0.48271963824289404 0.008963178294573644 0.020348837209302327
0 0.5743701550387597 0.4914405684754522 0.009689922480620155 0.006136950904392765
0 0.533187984496124 0.5011304909560723 0.005329457364341085 0.008074935400516795
0 0.5432412790697675 0.5012919896640827 0.012354651162790697 0.008397932816537468
0 0.5885416666666666 0.5161498708010336 0.0031492248062015503 0.004521963824289405
