0 0.4834558823529412 0.579248366013072 0.003676470588235294 0.007352941176470588
0 0.9047181372549019 0.6055964052287581 0.04963235294117647 0.020016339869281044
0 0.36611519607843135 0.5663807189542484 0.009191176470588236 0.011029411764705883
0 0.3671875 0.5747549019607843 0.008884803921568627 0.005718954248366013
0 0.44025735294117646 0.5886437908496732 0.0030637254901960784 0.013888888888888888
0 0.44745710784313725 0.5884395424836601 0.0027573529411764708 0.014297385620915032
0 0.45526960784313725 0.5874183006535948 0.003676470588235294 0.014705882352941176
0 0.4762561274509804 0.5678104575163399 0.0070465686274509805 0.00980392156862745
0 0.47640931372549017 0.5745506535947712 0.007352941176470588 0.004493464052287581
0 0.5209865196078431 0.4795751633986928 0.021139705882352942 0.024509803921568627
0 0.538296568627451 0.45588235294117646 0.02696078431372549 0.049019607843137254
0 0.4505208333333333 0.5731209150326797 0.0033700980392156864 0.004901960784313725
0 0.46308210784313725 0.5727124183006536 0.0027573529411764708 0.004084967320261438
