0 0.3391544117647059 0.5004084967320261 0.004901960784313725 0.007352941176470588
0 0.3564644607843137 0.5073529411764706 0.0033700980392156864 0.004901960784313725
0 0.35922181372549017 0.5083741830065359 0.003982843137254902 0.004493464052287581
0 0.40349264705882354 0.48080065359477125 0.011029411764705883 0.013888888888888888
0 0.4033394607843137 0.4950980392156863 0.01133578431372549 0.014705882352941176
0 0.4030330882352941 0.5063316993464052 0.010723039215686275 0.007761437908496732
0 0.5032169117647058 0.47038398692810457 0.009497549019607842 0.012663398692810458
0 0.5880821078431373 0.23488562091503268 0.04503676470588235 0.06209150326797386
0 0.5883884803921569 0.29187091503267976 0.045649509803921566 0.06413398692810457
0 0.09895833333333333 0.47058823529411764 0.0055147058823529415 0.02042483660130719
