0 0.8204427083333333 0.6138888888888889 0.010677083333333334 0.017592592592592594
0 0.5486979166666667 0.6296296296296297 0.0026041666666666665 0.021296296296296296
0 0.5338541666666666 0.6280092592592592 0.0026041666666666665 0.01898148148148148
0 0.47109375 0.6173611111111111 0.0046875 0.005092592592592593
0 0.42239583333333336 0.5995370370370371 0.013541666666666667 0.008333333333333333
0 0.5553385416666666 0.6229166666666667 0.009635416666666667 0.01712962962962963
0 0.6559895833333333 0.4925925925925926 0.0578125 0.06111111111111111
0 0.5819010416666667 0.6217592592592592 0.009635416666666667 0.016666666666666666
0 0.8041666666666667 0.6243055555555556 0.011979166666666667 0.009722222222222222
0 0.5018229166666667 0.6155092592592593 0.007291666666666667 0.011574074074074073
0 0.6708333333333333 0.6247685185185186 0.00625 0.006944444444444444
0 0.657421875 0.5780092592592593 0.021614583333333333 0.055092592592592596
0 0.6412760416666666 0.6222222222222222 0.018489583333333334 0.012962962962962963
0 0.49361979166666664 0.5858796296296296 0.02109375 0.018055555555555554
0 0.668359375 0.5009259259259259 0.05963541666666667 0.1259259259259259
0 0.9411458333333333 0.6155092592592593 0.11666666666666667 0.1412037037037037
0 0.511328125 0.6131944444444445 0.0049479166666666664 0.00787037037037037
0 0.5408854166666667 0.6298611111111111 0.007291666666666667 0.013425925925925926
0 0.713671875 0.6196759259259259 0.005989583333333334 0.009722222222222222
0 0.5311197916666667 0.606712962962963 0.013802083333333333 0.031018518518518518
0 0.355078125 0.593287037037037 0.019010416666666665 0.029166666666666667
0 0.5114583333333333 0.6229166666666667 0.0046875 0.008796296296296297
0 0.6709635416666667 0.6118055555555556 0.009114583333333334 0.01898148148148148
0 0.6416666666666667 0.5969907407407408 0.017708333333333333 0.02638888888888889
0 0.35403645833333336 0.6391203703703704 0.006510416666666667 0.03657407407407407
0 0.3541666666666667 0.6141203703703704 0.015104166666666667 0.010648148148148148
