0 0.26510416666666664 0.675 0.017708333333333333 0.03148148148148148
0 0.21822916666666667 0.6041666666666666 0.021875 0.03611111111111111
0 0.48723958333333334 0.6050925925925926 0.0609375 0.06944444444444445
0 0.28854166666666664 0.6833333333333333 0.013541666666666667 0.024074074074074074
0 0.31145833333333334 0.700462962962963 0.007291666666666667 0.012037037037037037
0 0.2640625 0.6939814814814815 0.009375 0.004629629629629629
0 0.33307291666666666 0.6259259259259259 0.021354166666666667 0.022222222222222223
0 0.3151041666666667 0.7134259259259259 0.004166666666666667 0.008333333333333333
0 0.21588541666666666 0.6652777777777777 0.0026041666666666665 0.010185185185185186
0 0.3653645833333333 0.7143518518518519 0.0109375 0.013888888888888888
0 0.471875 0.6074074074074074 0.007291666666666667 0.012962962962962963
0 0.21979166666666666 0.5685185185185185 0.021875 0.03518518518518519
0 0.21692708333333333 0.6416666666666667 0.0078125 0.037037037037037035
