0 0.8167438271604939 0.4447337962962963 0.004629629629629629 0.009837962962962963
0 0.8248456790123457 0.44603587962962965 0.006558641975308642 0.01244212962962963
0 0.8116319444444444 0.4742476851851852 0.006751543209876543 0.011574074074074073
0 0.7973572530864198 0.4234664351851852 0.00636574074074074 0.011284722222222222
0 0.8093171296296297 0.4444444444444444 0.006751543209876543 0.01273148148148148
0 0.8045910493827161 0.47366898148148145 0.006172839506172839 0.01273148148148148
0 0.8352623456790124 0.4759837962962963 0.0073302469135802465 0.01273148148148148
0 0.8326581790123457 0.44632523148148145 0.005979938271604938 0.01244212962962963
0 0.8013117283950617 0.4425636574074074 0.006944444444444444 0.015914351851851853
0 0.8178047839506173 0.4609375 0.019483024691358024 0.01099537037037037
0 0.8192515432098766 0.4743923611111111 0.005015432098765432 0.014178240740740741
0 0.8332368827160493 0.4269386574074074 0.005979938271604938 0.010127314814814815
0 0.8338155864197531 0.4603587962962963 0.00636574074074074 0.009259259259259259
0 0.8269675925925926 0.4752604166666667 0.006172839506172839 0.011863425925925927
0 0.8023726851851852 0.45732060185185186 0.006751543209876543 0.011284722222222222
0 0.8179976851851852 0.4670138888888889 0.04918981481481482 0.06886574074074074
0 0.7733410493827161 0.5679976851851852 0.006558641975308642 0.009259259259259259
0 0.7202932098765432 0.5700231481481481 0.005401234567901234 0.008680555555555556
0 0.8158757716049383 0.42607060185185186 0.048804012345679014 0.019386574074074073
0 0.7471064814814815 0.5661168981481481 0.005401234567901234 0.008969907407407407
0 0.6787229938271605 0.4820601851851852 0.007908950617283951 0.017939814814814815
