0 0.4564508032128514 0.6765394912985274 0.024347389558232933 0.03313253012048193
0 0.8460090361445783 0.623995983935743 0.05145582329317269 0.06191432396251673
0 0.8618222891566265 0.6795515394912985 0.04292168674698795 0.02643908969210174
0 0.10140562248995984 0.5789825970548862 0.04116465863453815 0.030789825970548863
0 0.13177710843373494 0.5488621151271754 0.03263052208835342 0.038821954484605084
0 0.5749246987951807 0.7008032128514057 0.012299196787148595 0.01673360107095047
0 0.8010793172690763 0.6542838018741634 0.019327309236947792 0.013386880856760375
0 0.6585090361445783 0.713855421686747 0.005271084337349397 0.007362784471218206
0 0.5367720883534136 0.7250669344042838 0.0037650602409638554 0.0050200803212851405
0 0.8240461847389559 0.6741967871485943 0.0286144578313253 0.01706827309236948
0 0.5306224899598394 0.713186077643909 0.01104417670682731 0.004016064257028112
