0 0.4416360294117647 0.6072303921568627 0.018075980392156864 0.023284313725490197
0 0.7066482843137255 0.5986519607843137 0.02420343137254902 0.026552287581699346
0 0.7054227941176471 0.5888480392156863 0.012561274509803922 0.020833333333333332
0 0.6985294117647058 0.6301062091503268 0.004901960784313725 0.006127450980392157
0 0.6917892156862745 0.6319444444444444 0.004901960784313725 0.0032679738562091504
0 0.9096200980392157 0.6166258169934641 0.0030637254901960784 0.004493464052287581
0 0.6913296568627451 0.6243872549019608 0.006433823529411764 0.010212418300653595
0 0.9087009803921569 0.6045751633986928 0.006127450980392157 0.014705882352941176
0 0.6069240196078431 0.627859477124183 0.0055147058823529415 0.008986928104575163
0 0.7112438725490197 0.6125408496732027 0.0070465686274509805 0.012663398692810458
0 0.7227328431372549 0.5814950980392157 0.02389705882352941 0.0298202614379085
0 0.6393995098039216 0.6184640522875817 0.011029411764705883 0.007352941176470588
0 0.6000306372549019 0.6162173202614379 0.0070465686274509805 0.01184640522875817
0 0.5998774509803921 0.627859477124183 0.007965686274509803 0.00980392156862745
0 0.8530943627450981 0.6119281045751634 0.005208333333333333 0.013071895424836602
0 0.5121017156862745 0.6178513071895425 0.011948529411764705 0.014297385620915032
0 0.6386335784313726 0.6017156862745098 0.018075980392156864 0.025326797385620915
0 0.4413296568627451 0.6239787581699346 0.01011029411764706 0.007761437908496732
0 0.7948835784313726 0.6145833333333334 0.008884803921568627 0.0028594771241830064
