0 0.4186197916666667 0.6014178240740741 0.006076388888888889 0.008391203703703705
0 0.4025607638888889 0.5212673611111112 0.028211805555555556 0.037905092592592594
0 0.4351128472222222 0.5224247685185185 0.026909722222222224 0.037905092592592594
0 0.2775607638888889 0.5896990740740741 0.016927083333333332 0.023148148148148147
0 0.2942708333333333 0.5506365740740741 0.032552083333333336 0.028356481481481483
0 0.1916232638888889 0.5428240740740741 0.038628472222222224 0.027777777777777776
0 0.4375 0.6168981481481481 0.0026041666666666665 0.003472222222222222
0 0.4326171875 0.6174768518518519 0.0028211805555555555 0.004050925925925926
0 0.4240451388888889 0.6176215277777778 0.0026041666666666665 0.003761574074074074
0 0.2591145833333333 0.6012731481481481 0.005208333333333333 0.007523148148148148
