0 0.12048192771084337 0.6353748326639893 0.010918674698795181 0.008366800535475234
0 0.46743222891566266 0.6159638554216867 0.002259036144578313 0.006358768406961178
0 0.4733621987951807 0.60809906291834 0.005459337349397591 0.009370816599732263
0 0.47317394578313254 0.6178045515394913 0.005459337349397591 0.010040160642570281
0 0.4765625 0.6141231593038822 0.00470632530120482 0.011378848728246318
0 0.5130835843373494 0.6234939759036144 0.003200301204819277 0.004685408299866131
0 0.5084713855421686 0.6034136546184738 0.0026355421686746986 0.01606425702811245
0 0.40323795180722893 0.6209839357429718 0.0026355421686746986 0.004350736278447122
0 0.38149472891566266 0.6233266398929049 0.006965361445783132 0.013052208835341365
0 0.39147213855421686 0.6040829986613119 0.005459337349397591 0.009370816599732263
0 0.39147213855421686 0.6141231593038822 0.005459337349397591 0.010040160642570281
0 0.3664344879518072 0.6139558232931727 0.009224397590361446 0.01572958500669344
0 0.4059676204819277 0.6141231593038822 0.0028237951807228916 0.0033467202141900937
0 0.2397402108433735 0.6310240963855421 0.00470632530120482 0.009705488621151271
