0 0.4418402777777778 0.5788690476190477 0.014632936507936508 0.034722222222222224
0 0.5916418650793651 0.5856481481481481 0.012152777777777778 0.01521164021164021
0 0.49516369047619047 0.5372023809523809 0.07465277777777778 0.03406084656084656
0 0.5110367063492064 0.572255291005291 0.03149801587301587 0.04133597883597884
0 0.5333581349206349 0.5763888888888888 0.008680555555555556 0.02513227513227513
0 0.5375744047619048 0.6301256613756614 0.005208333333333333 0.016203703703703703
0 0.5389384920634921 0.5773809523809523 0.006448412698412698 0.02447089947089947
0 0.5373263888888888 0.6448412698412699 0.003720238095238095 0.013888888888888888
0 0.5595238095238095 0.603505291005291 0.00496031746031746 0.006613756613756613
0 0.5772569444444444 0.5949074074074074 0.016617063492063492 0.01521164021164021
0 0.5105406746031746 0.5980489417989417 0.012648809523809524 0.008267195767195767
0 0.34858630952380953 0.46279761904761907 0.047371031746031744 0.09887566137566138
0 0.5334821428571429 0.6203703703703703 0.007936507936507936 0.023148148148148147
0 0.5576636904761905 0.5868055555555556 0.01066468253968254 0.023478835978835978
0 0.6063988095238095 0.59755291005291 0.00496031746031746 0.00992063492063492
0 0.6014384920634921 0.5990410052910053 0.006448412698412698 0.011574074074074073
