0 0.5112980769230769 0.4322115384615385 0.009615384615384616 0.010576923076923078
0 0.9260817307692307 0.32403846153846155 0.084375 0.0955128205128205
0 0.06262019230769231 0.34919871794871793 0.045432692307692306 0.052243589743589745
0 0.06754807692307692 0.4032051282051282 0.04038461538461539 0.020512820512820513
0 0.43846153846153846 0.4357371794871795 0.0033653846153846156 0.004807692307692308
0 0.9235576923076924 0.4200320512820513 0.07932692307692307 0.0342948717948718
0 0.9215144230769231 0.46137820512820515 0.018509615384615385 0.04519230769230769
0 0.5015625 0.4342948717948718 0.0045673076923076926 0.00641025641025641
0 0.06850961538461539 0.43189102564102566 0.012980769230769231 0.03493589743589744
0 0.924639423076923 0.3868589743589744 0.07716346153846154 0.03076923076923077
0 0.06634615384615385 0.38461538461538464 0.040865384615384616 0.017948717948717947
