0 0.18936011904761904 0.45601851851851855 0.012152777777777778 0.015873015873015872
0 0.41195436507936506 0.44229497354497355 0.003472222222222222 0.01025132275132275
0 0.8510664682539683 0.41418650793650796 0.009672619047619048 0.014219576719576719
0 0.8028273809523809 0.3968253968253968 0.008928571428571428 0.010582010582010581
0 0.7927827380952381 0.37896825396825395 0.009176587301587302 0.010582010582010581
0 0.49615575396825395 0.4341931216931217 0.003720238095238095 0.005952380952380952
0 0.4208829365079365 0.43783068783068785 0.003472222222222222 0.005291005291005291
0 0.7927827380952381 0.39732142857142855 0.00818452380952381 0.01025132275132275
0 0.8226686507936508 0.3958333333333333 0.09573412698412699 0.018518518518518517
0 0.6436011904761905 0.4809854497354497 0.011408730158730158 0.02414021164021164
0 0.8231646825396826 0.37797619047619047 0.09672619047619048 0.018518518518518517
0 0.3661954365079365 0.44477513227513227 0.005704365079365079 0.007936507936507936
0 0.25806051587301587 0.46378968253968256 0.004712301587301587 0.012235449735449735
0 0.5688244047619048 0.4330357142857143 0.0220734126984127 0.02943121693121693
0 0.8224206349206349 0.4148478835978836 0.09573412698412699 0.018849206349206348
0 0.376984126984127 0.4399801587301587 0.003968253968253968 0.00496031746031746
