0 0.7563244047619048 0.20816798941798942 0.0339781746031746 0.044642857142857144
0 0.6819196428571429 0.27645502645502645 0.011160714285714286 0.013227513227513227
0 0.7483878968253969 0.25033068783068785 0.026537698412698412 0.042328042328042326
0 0.5107886904761905 0.26256613756613756 0.007192460317460317 0.011243386243386243
0 0.9222470238095238 0.08895502645502645 0.15401785714285715 0.083994708994709
0 0.5358382936507936 0.27099867724867727 0.005704365079365079 0.008267195767195767
0 0.6814236111111112 0.2888558201058201 0.00818452380952381 0.010912698412698412
0 0.6158234126984127 0.27728174603174605 0.005952380952380952 0.007605820105820105
0 0.9260912698412699 0.02414021164021164 0.14732142857142858 0.047619047619047616
0 0.9267113095238095 0.16319444444444445 0.05530753968253968 0.06117724867724868
0 0.6862599206349206 0.3040674603174603 0.004464285714285714 0.007605820105820105
