0 0.09945436507936507 0.5295965608465608 0.033234126984126984 0.040674603174603176
0 0.5369543650793651 0.5236441798941799 0.027777777777777776 0.03670634920634921
0 0.5368303571428571 0.560681216931217 0.029017857142857144 0.03802910052910053
0 0.23214285714285715 0.6225198412698413 0.006944444444444444 0.008928571428571428
0 0.09895833333333333 0.5719246031746031 0.03273809523809524 0.04265873015873016
0 0.3470982142857143 0.6278108465608465 0.002728174603174603 0.00496031746031746
0 0.3968253968253968 0.6235119047619048 0.002976190476190476 0.004298941798941799
0 0.33444940476190477 0.6278108465608465 0.003224206349206349 0.00496031746031746
0 0.23189484126984128 0.628968253968254 0.006448412698412698 0.004629629629629629
0 0.36569940476190477 0.6259920634920635 0.003224206349206349 0.004629629629629629
0 0.37003968253968256 0.6253306878306878 0.003472222222222222 0.004629629629629629
0 0.42336309523809523 0.6225198412698413 0.002976190476190476 0.004298941798941799
