0 0.9027217741935484 0.682627688172043 0.029905913978494625 0.06888440860215053
0 0.21169354838709678 0.6819556451612904 0.02956989247311828 0.06888440860215053
0 0.07946908602150538 0.7029569892473119 0.007728494623655914 0.009408602150537635
0 0.25319220430107525 0.693380376344086 0.007728494623655914 0.007056451612903226
0 0.322244623655914 0.6827956989247311 0.01747311827956989 0.041666666666666664
0 0.37180779569892475 0.6861559139784946 0.01243279569892473 0.02956989247311828
0 0.4181787634408602 0.6868279569892473 0.005040322580645161 0.014112903225806451
0 0.3949932795698925 0.6849798387096774 0.011088709677419355 0.02385752688172043
0 0.45648521505376344 0.6839717741935484 0.010416666666666666 0.009744623655913979
0 0.4598454301075269 0.6863239247311828 0.009744623655913979 0.005040322580645161
0 0.5304099462365591 0.6838037634408602 0.009744623655913979 0.005376344086021506
0 0.6821236559139785 0.6839717741935484 0.012096774193548387 0.030577956989247312
0 0.7481518817204301 0.6844758064516129 0.017809139784946238 0.041666666666666664
0 0.6429771505376344 0.6831317204301075 0.009744623655913979 0.02217741935483871
0 0.6290322580645161 0.6856518817204301 0.00739247311827957 0.009072580645161291
0 0.42943548387096775 0.6838037634408602 0.013440860215053764 0.013440860215053764
0 0.5858534946236559 0.681619623655914 0.013776881720430107 0.014448924731182795
0 0.6285282258064516 0.6829637096774194 0.009744623655913979 0.015120967741935484
0 0.3839045698924731 0.6878360215053764 0.022513440860215055 0.00739247311827957
