0 0.6796875 0.30344827586206896 0.009375 0.034482758620689655
0 0.5697916666666667 0.29540229885057473 0.011458333333333333 0.011494252873563218
0 0.4940104166666667 0.31494252873563217 0.0067708333333333336 0.016091954022988506
0 0.5671875 0.30689655172413793 0.004166666666666667 0.009195402298850575
0 0.49505208333333334 0.3264367816091954 0.0036458333333333334 0.004597701149425287
0 0.5697916666666667 0.3086206896551724 0.011458333333333333 0.014942528735632184
0 0.31614583333333335 0.3258620689655172 0.016666666666666666 0.010344827586206896
0 0.32838541666666665 0.3264367816091954 0.005729166666666666 0.009195402298850575
0 0.6794270833333333 0.33620689655172414 0.0067708333333333336 0.005747126436781609
0 0.6796875 0.3281609195402299 0.00625 0.008045977011494253
