0 0.6720281862745098 0.5949754901960784 0.006433823529411764 0.00857843137254902
0 0.7103247549019608 0.6352124183006536 0.005821078431372549 0.007352941176470588
0 0.6637561274509803 0.585171568627451 0.006433823529411764 0.00857843137254902
0 0.6809129901960784 0.5947712418300654 0.006433823529411764 0.008986928104575163
0 0.6807598039215687 0.5839460784313726 0.006740196078431373 0.00857843137254902
0 0.6308210784313726 0.5882352941176471 0.031862745098039214 0.02287581699346405
0 0.7040441176470589 0.5835375816993464 0.03125 0.03553921568627451
0 0.7262561274509803 0.6111111111111112 0.01133578431372549 0.04330065359477124
0 0.7461703431372549 0.5825163398692811 0.021139705882352942 0.02369281045751634
0 0.6640625 0.5955882352941176 0.0070465686274509805 0.00980392156862745
0 0.6720281862745098 0.5843545751633987 0.006433823529411764 0.009395424836601307
0 0.7109375 0.6431781045751634 0.007659313725490196 0.009395424836601307
0 0.7270220588235294 0.639501633986928 0.006740196078431373 0.016748366013071895
0 0.6551776960784313 0.6450163398692811 0.006433823529411764 0.016339869281045753
0 0.7005208333333334 0.6343954248366013 0.0070465686274509805 0.00980392156862745
0 0.6720281862745098 0.5855800653594772 0.02971813725490196 0.03553921568627451
