0 0.5809771825396826 0.29050925925925924 0.007688492063492063 0.010912698412698412
0 0.49181547619047616 0.2896825396825397 0.004464285714285714 0.007936507936507936
0 0.22023809523809523 0.24487433862433863 0.018849206349206348 0.03009259259259259
0 0.21540178571428573 0.18501984126984128 0.02703373015873016 0.055224867724867725
0 0.2160218253968254 0.19196428571428573 0.019345238095238096 0.03141534391534392
0 0.5612599206349206 0.291005291005291 0.004464285714285714 0.006613756613756613
0 0.503844246031746 0.2867063492063492 0.004216269841269841 0.005952380952380952
0 0.4928075396825397 0.29712301587301587 0.00496031746031746 0.006283068783068783
0 0.5613839285714286 0.2833994708994709 0.004216269841269841 0.007936507936507936
0 0.7374751984126984 0.16286375661375663 0.022569444444444444 0.03141534391534392
0 0.7279265873015873 0.21329365079365079 0.023809523809523808 0.03968253968253968
0 0.7372271825396826 0.15542328042328044 0.030009920634920636 0.056216931216931214
0 0.21924603174603174 0.23809523809523808 0.030257936507936508 0.05357142857142857
0 0.7393353174603174 0.207010582010582 0.028769841269841268 0.056878306878306875
0 0.46378968253968256 0.2951388888888889 0.00744047619047619 0.00958994708994709
0 0.7393353174603174 0.21494708994708994 0.022817460317460316 0.03042328042328042
0 0.4921875 0.291005291005291 0.002728174603174603 0.004629629629629629
