0 0.932421875 0.255859375 0.13359375 0.09765625
0 0.2859375 0.44140625 0.0125 0.010416666666666666
0 0.478515625 0.3684895833333333 0.00859375 0.010416666666666666
0 0.477734375 0.380859375 0.01015625 0.014322916666666666
0 0.491015625 0.369140625 0.01015625 0.009114583333333334
0 0.478125 0.4029947916666667 0.009375 0.006510416666666667
0 0.490625 0.380859375 0.0125 0.014322916666666666
0 0.490625 0.4036458333333333 0.009375 0.0078125
0 0.478125 0.4283854166666667 0.0078125 0.010416666666666666
0 0.478125 0.39453125 0.0078125 0.010416666666666666
0 0.48984375 0.4296875 0.0078125 0.010416666666666666
0 0.48984375 0.39453125 0.0078125 0.010416666666666666
0 0.47734375 0.4153645833333333 0.0109375 0.013020833333333334
0 0.490625 0.4153645833333333 0.0109375 0.013020833333333334
