0 0.7066482843137255 0.5299564270152506 0.027879901960784315 0.04030501089324619
0 0.8739276960784313 0.5130718954248366 0.01133578431372549 0.02178649237472767
0 0.5871629901960784 0.5100762527233116 0.019301470588235295 0.03758169934640523
0 0.9142156862745098 0.5441176470588235 0.011642156862745098 0.020697167755991286
0 0.8733149509803921 0.5378540305010894 0.01133578431372549 0.020152505446623094
0 0.6064644607843137 0.409041394335512 0.06525735294117647 0.11546840958605664
0 0.5859375 0.3918845315904139 0.011948529411764705 0.01906318082788671
0 0.5856311274509803 0.41802832244008714 0.012561274509803922 0.01906318082788671
0 0.5860906862745098 0.4444444444444444 0.016544117647058824 0.017429193899782137
0 0.5696997549019608 0.5073529411764706 0.015625 0.03540305010893246
0 0.5654105392156863 0.5381263616557734 0.01133578431372549 0.0196078431372549
0 0.8941482843137255 0.528322440087146 0.06096813725490196 0.0664488017429194
0 0.9151348039215687 0.5190631808278867 0.011642156862745098 0.020697167755991286
0 0.9005821078431373 0.5413943355119826 0.011948529411764705 0.020697167755991286
0 0.9013480392156863 0.5171568627450981 0.011029411764705883 0.020152505446623094
0 0.8875612745098039 0.5147058823529411 0.011642156862745098 0.020697167755991286
0 0.8867953431372549 0.539760348583878 0.01133578431372549 0.0196078431372549
