0 0.3246527777777778 0.4693287037037037 0.006944444444444444 0.016589506172839507
0 0.8068576388888888 0.2671682098765432 0.03819444444444445 0.027391975308641976
0 0.4552951388888889 0.45794753086419754 0.0030381944444444445 0.005401234567901234
0 0.5519748263888888 0.3856095679012346 0.008897569444444444 0.009645061728395061
0 0.8602430555555556 0.3402777777777778 0.014322916666666666 0.02700617283950617
0 0.7317708333333334 0.451195987654321 0.003472222222222222 0.008101851851851851
0 0.8734809027777778 0.4070216049382716 0.006076388888888889 0.019290123456790122
0 0.7317708333333334 0.4573688271604938 0.002170138888888889 0.003472222222222222
0 0.5517578125 0.37808641975308643 0.009765625 0.006944444444444444
0 0.6633029513888888 0.4425154320987654 0.002387152777777778 0.006944444444444444
0 0.4809027777777778 0.45717592592592593 0.009982638888888888 0.010802469135802469
0 0.4801432291666667 0.4411651234567901 0.007595486111111111 0.008101851851851851
0 0.4556206597222222 0.46161265432098764 0.007595486111111111 0.017361111111111112
0 0.4800347222222222 0.4479166666666667 0.011284722222222222 0.008487654320987654
0 0.2835286458333333 0.47704475308641975 0.003689236111111111 0.009645061728395061
0 0.7596571180555556 0.4481095679012346 0.002387152777777778 0.004243827160493827
