0 0.5657169117647058 0.4499591503267974 0.015625 0.02165032679738562
0 0.48253676470588236 0.4348447712418301 0.012254901960784314 0.016748366013071895
0 0.4886642156862745 0.440359477124183 0.009191176470588236 0.011437908496732025
0 0.4814644607843137 0.45016339869281047 0.009497549019607842 0.014705882352941176
0 0.5150122549019608 0.429125816993464 0.011029411764705883 0.01511437908496732
0 0.5667892156862745 0.4144199346405229 0.03370098039215686 0.046977124183006536
0 0.5145526960784313 0.4395424836601307 0.010723039215686275 0.004901960784313725
0 0.23927696078431374 0.4195261437908497 0.006127450980392157 0.014705882352941176
0 0.5667892156862745 0.3872549019607843 0.026348039215686275 0.008169934640522876
0 0.4895833333333333 0.44893790849673204 0.006740196078431373 0.004084967320261438
