0 0.3881448412698413 0.5853174603174603 0.00744047619047619 0.005291005291005291
0 0.7437996031746031 0.5248015873015873 0.022321428571428572 0.01521164021164021
0 0.45783730158730157 0.5803571428571429 0.005952380952380952 0.008597883597883597
0 0.7415674603174603 0.5031415343915344 0.020337301587301588 0.028769841269841268
0 0.7446676587301587 0.5415013227513228 0.012648809523809524 0.018849206349206348
0 0.5791170634920635 0.5229828042328042 0.01984126984126984 0.026124338624338623
0 0.48152281746031744 0.5714285714285714 0.009672619047619048 0.013227513227513227
0 0.5386904761904762 0.544808201058201 0.025793650793650792 0.008267195767195767
0 0.5389384920634921 0.5517526455026455 0.025793650793650792 0.007605820105820105
0 0.5394345238095238 0.55869708994709 0.025297619047619048 0.008267195767195767
