0 0.9928075396825397 0.6213624338624338 0.013888888888888888 0.01917989417989418
0 0.7689732142857143 0.6339285714285714 0.004712301587301587 0.006613756613756613
0 0.6987847222222222 0.6329365079365079 0.005208333333333333 0.005291005291005291
0 0.7144097222222222 0.6241732804232805 0.004712301587301587 0.006283068783068783
0 0.699156746031746 0.6377314814814815 0.005456349206349206 0.004298941798941799
0 0.9899553571428571 0.6051587301587301 0.019593253968253968 0.013888888888888888
0 0.43526785714285715 0.6608796296296297 0.002976190476190476 0.0036375661375661374
0 0.7094494047619048 0.6243386243386243 0.004216269841269841 0.005952380952380952
0 0.7196180555555556 0.6238425925925926 0.004712301587301587 0.006283068783068783
0 0.7247023809523809 0.623015873015873 0.004464285714285714 0.006613756613756613
0 0.7609126984126984 0.6319444444444444 0.004464285714285714 0.005952380952380952
