0 0.01730769230769231 0.21314102564102563 0.021634615384615384 0.02564102564102564
0 0.10829326923076923 0.26650641025641025 0.024759615384615383 0.05929487179487179
0 0.14951923076923077 0.1580128205128205 0.03894230769230769 0.06346153846153846
0 0.2064903846153846 0.30833333333333335 0.01971153846153846 0.027564102564102563
0 0.014903846153846155 0.23974358974358975 0.017788461538461538 0.022435897435897436
0 0.034254807692307696 0.2794871794871795 0.018509615384615385 0.021153846153846155
0 0.11177884615384616 0.1735576923076923 0.04519230769230769 0.05993589743589744
0 0.012620192307692308 0.26634615384615384 0.018509615384615385 0.021794871794871794
0 0.03173076923076923 0.2982371794871795 0.017788461538461538 0.013782051282051282
0 0.10973557692307692 0.22083333333333333 0.04591346153846154 0.0391025641025641
