0 0.9073660714285714 0.4356812169312169 0.12177579365079365 0.10747354497354497
0 0.26512896825396826 0.7521494708994709 0.005952380952380952 0.005621693121693121
0 0.31200396825396826 0.638723544973545 0.017361111111111112 0.022817460317460316
0 0.2710813492063492 0.7346230158730159 0.006448412698412698 0.014219576719576719
0 0.2669890873015873 0.7346230158730159 0.016121031746031748 0.01488095238095238
0 0.26450892857142855 0.7630621693121693 0.007192460317460317 0.008267195767195767
0 0.26450892857142855 0.7691798941798942 0.005704365079365079 0.005952380952380952
0 0.21143353174603174 0.736276455026455 0.006696428571428571 0.011574074074074073
0 0.23524305555555555 0.7354497354497355 0.006200396825396825 0.010582010582010581
0 0.21875 0.7354497354497355 0.006944444444444444 0.010582010582010581
0 0.7123015873015873 0.5239748677248677 0.022321428571428572 0.06316137566137567
0 0.30778769841269843 0.748181216931217 0.01636904761904762 0.022156084656084655
0 0.27641369047619047 0.7663690476190477 0.010168650793650794 0.013558201058201057
0 0.22110615079365079 0.6332671957671958 0.022569444444444444 0.03373015873015873
0 0.24342757936507936 0.7352843915343915 0.006200396825396825 0.00958994708994709
0 0.31274801587301587 0.6207010582010583 0.011408730158730158 0.016534391534391533
0 0.400421626984127 0.6339285714285714 0.06324404761904762 0.025793650793650792
0 0.7362351190476191 0.511739417989418 0.02058531746031746 0.059854497354497355
0 0.265625 0.7463624338624338 0.008928571428571428 0.006613756613756613
