0 0.5147836538461539 0.4830128205128205 0.006009615384615385 0.008333333333333333
0 0.5074519230769231 0.48365384615384616 0.008173076923076924 0.010256410256410256
0 0.6426682692307693 0.4740384615384615 0.03870192307692308 0.03461538461538462
0 0.5512019230769231 0.4931089743589744 0.010576923076923078 0.013141025641025641
0 0.5264423076923077 0.5022435897435897 0.016826923076923076 0.014743589743589743
0 0.39411057692307694 0.5043269230769231 0.005048076923076923 0.006730769230769231
0 0.37908653846153845 0.4951923076923077 0.007211538461538462 0.008333333333333333
0 0.396875 0.5219551282051282 0.005288461538461539 0.006730769230769231
0 0.3234375 0.46121794871794874 0.017548076923076923 0.01217948717948718
0 0.20192307692307693 0.48365384615384616 0.027403846153846154 0.035897435897435895
