0 0.23746141975308643 0.41735537190082644 0.010416666666666666 0.015495867768595042
0 0.23206018518518517 0.4377582644628099 0.005787037037037037 0.007747933884297521
0 0.23726851851851852 0.4346590909090909 0.019290123456790122 0.021177685950413222
0 0.24266975308641975 0.43827479338842973 0.005401234567901234 0.00878099173553719
0 0.7471064814814815 0.6084710743801653 0.04359567901234568 0.058884297520661155
0 0.6290509259259259 0.46203512396694213 0.006558641975308642 0.012913223140495868
0 0.014660493827160493 0.41916322314049587 0.008487654320987654 0.012913223140495868
0 0.6356095679012346 0.45583677685950413 0.02353395061728395 0.033574380165289255
0 0.6356095679012346 0.46203512396694213 0.005787037037037037 0.011880165289256199
0 0.642554012345679 0.4628099173553719 0.008101851851851851 0.011363636363636364
0 0.23726851851851852 0.4377582644628099 0.006172839506172839 0.007747933884297521
0 0.6957947530864198 0.5671487603305785 0.018132716049382717 0.049586776859504134
