0 0.9554227941176471 0.5140931372549019 0.046875 0.05106209150326797
0 0.04197303921568627 0.7450980392156863 0.058823529411764705 0.017973856209150325
0 0.9638480392156863 0.5882352941176471 0.05269607843137255 0.06290849673202614
0 0.0470281862745098 0.7173202614379085 0.01991421568627451 0.03839869281045752
0 0.7262561274509803 0.641748366013072 0.023590686274509803 0.031862745098039214
0 0.9571078431372549 0.547998366013072 0.04718137254901961 0.020016339869281044
0 0.7259497549019608 0.6638071895424836 0.013174019607843137 0.013888888888888888
0 0.5415134803921569 0.7555147058823529 0.0033700980392156864 0.004493464052287581
0 0.7303921568627451 0.6909722222222222 0.007352941176470588 0.01919934640522876
0 0.5412071078431373 0.7608251633986928 0.003982843137254902 0.0053104575163398695
0 0.7274816176470589 0.676062091503268 0.01011029411764706 0.011437908496732025
0 0.4296875 0.7571486928104575 0.0070465686274509805 0.003676470588235294
