0 0.39859068627450983 0.4834558823529412 0.007965686274509803 0.011029411764705883
0 0.7080269607843137 0.49080882352941174 0.00980392156862745 0.015931372549019607
0 0.37745098039215685 0.5136846405228758 0.00857843137254902 0.01184640522875817
0 0.5402879901960784 0.48161764705882354 0.009497549019607842 0.012254901960784314
0 0.7084865196078431 0.5220588235294118 0.009497549019607842 0.014705882352941176
0 0.7075674019607843 0.5063316993464052 0.008884803921568627 0.014297385620915032
0 0.5958946078431373 0.5318627450980392 0.006127450980392157 0.008169934640522876
0 0.7077205882352942 0.4738562091503268 0.010416666666666666 0.015522875816993464
0 0.5621936274509803 0.5136846405228758 0.009191176470588236 0.01184640522875817
0 0.3636642156862745 0.5265522875816994 0.007965686274509803 0.015522875816993464
0 0.6746323529411765 0.463031045751634 0.018995098039215685 0.025735294117647058
0 0.5954350490196079 0.5383986928104575 0.005208333333333333 0.004901960784313725
0 0.6740196078431373 0.48999183006535946 0.011029411764705883 0.0298202614379085
