0 0.5055803571428571 0.6235119047619048 0.004712301587301587 0.005621693121693121
0 0.22916666666666666 0.6160714285714286 0.006944444444444444 0.009259259259259259
0 0.5052083333333334 0.611441798941799 0.004464285714285714 0.005952380952380952
0 0.5054563492063492 0.6283068783068783 0.00496031746031746 0.003968253968253968
0 0.2282986111111111 0.6286375661375662 0.006200396825396825 0.008597883597883597
0 0.2604166666666667 0.6165674603174603 0.00496031746031746 0.012235449735449735
0 0.2282986111111111 0.6223544973544973 0.006200396825396825 0.005291005291005291
0 0.5053323412698413 0.6168981481481481 0.004712301587301587 0.006944444444444444
0 0.2863343253968254 0.6203703703703703 0.007192460317460317 0.011904761904761904
0 0.5407986111111112 0.6063161375661376 0.00818452380952381 0.014219576719576719
0 0.466765873015873 0.625165343915344 0.011904761904761904 0.018187830687830687
