0 0.5643229166666667 0.42685185185185187 0.0234375 0.016666666666666666
0 0.7713541666666667 0.4361111111111111 0.051041666666666666 0.08333333333333333
0 0.7635416666666667 0.3296296296296296 0.06041666666666667 0.12777777777777777
0 0.3143229166666667 0.47685185185185186 0.011979166666666667 0.020370370370370372
0 0.5638020833333334 0.41064814814814815 0.022395833333333334 0.01574074074074074
0 0.8791666666666667 0.4152777777777778 0.014583333333333334 0.019444444444444445
0 0.23489583333333333 0.4962962962962963 0.007291666666666667 0.011111111111111112
0 0.315625 0.49027777777777776 0.00625 0.006481481481481481
0 0.23489583333333333 0.5037037037037037 0.004166666666666667 0.003703703703703704
0 0.39739583333333334 0.4615740740740741 0.011458333333333333 0.008333333333333333
0 0.49713541666666666 0.43842592592592594 0.0140625 0.028703703703703703
