0 0.45128676470588236 0.5187908496732027 0.00980392156862745 0.013071895424836602
0 0.2113970588235294 0.5665849673202614 0.13602941176470587 0.0457516339869281
0 0.39169730392156865 0.5208333333333334 0.006433823529411764 0.008986928104575163
0 0.25536151960784315 0.505718954248366 0.007659313725490196 0.008169934640522876
0 0.32981004901960786 0.5733251633986928 0.008884803921568627 0.042075163398692814
0 0.3164828431372549 0.5649509803921569 0.004901960784313725 0.021241830065359478
0 0.13511029411764705 0.5020424836601307 0.009191176470588236 0.008169934640522876
0 0.23682598039215685 0.6182598039215687 0.02696078431372549 0.13031045751633988
0 0.17463235294117646 0.5040849673202614 0.007965686274509803 0.007352941176470588
0 0.3089767156862745 0.5649509803921569 0.004595588235294118 0.017973856209150325
0 0.20664828431372548 0.5051062091503268 0.008272058823529412 0.007761437908496732
0 0.03125 0.6966911764705882 0.061887254901960786 0.27328431372549017
