0 0.8295036764705882 0.6270424836601307 0.013786764705882353 0.031862745098039214
0 0.3527879901960784 0.6613562091503268 0.014399509803921568 0.026143790849673203
0 0.8552389705882353 0.7177287581699346 0.0070465686274509805 0.008986928104575163
0 0.5986519607843137 0.6587009803921569 0.011029411764705883 0.015931372549019607
0 0.48636642156862747 0.7222222222222222 0.002144607843137255 0.0024509803921568627
0 0.05177696078431373 0.7291666666666666 0.0055147058823529415 0.014705882352941176
0 0.47610294117647056 0.7201797385620915 0.001838235294117647 0.004084967320261438
0 0.6079963235294118 0.7116013071895425 0.008884803921568627 0.016339869281045753
0 0.0508578431372549 0.7432598039215687 0.00428921568627451 0.010212418300653595
0 0.515625 0.7383578431372549 0.0030637254901960784 0.013480392156862746
0 0.7296262254901961 0.710171568627451 0.030330882352941176 0.020833333333333332
0 0.3627450980392157 0.6697303921568627 0.0030637254901960784 0.04125816993464052
0 0.4140625 0.7181372549019608 0.004595588235294118 0.005718954248366013
0 0.5219056372549019 0.7395833333333334 0.0027573529411764708 0.016748366013071895
0 0.5251225490196079 0.7401960784313726 0.0030637254901960784 0.017973856209150325
