0 0.9600260416666667 0.2701388888888889 0.07369791666666667 0.1763888888888889
0 0.7677083333333333 0.4708333333333333 0.008333333333333333 0.026851851851851852
0 0.18528645833333332 0.43449074074074073 0.011197916666666667 0.027314814814814816
0 0.184765625 0.4618055555555556 0.01171875 0.02824074074074074
0 0.76796875 0.49398148148148147 0.0078125 0.020370370370370372
0 0.09973958333333334 0.4548611111111111 0.009895833333333333 0.016203703703703703
0 0.480078125 0.4736111111111111 0.024739583333333332 0.026851851851851852
0 0.7680989583333333 0.5199074074074074 0.0049479166666666664 0.030555555555555555
0 0.099609375 0.4708333333333333 0.00546875 0.01574074074074074
0 0.184375 0.49027777777777776 0.005208333333333333 0.030555555555555555
