0 0.5266064257028112 0.4559906291834003 0.08785140562248996 0.1181392235609103
0 0.40763052208835343 0.46887550200803213 0.11295180722891567 0.0856760374832664
0 0.5805722891566265 0.5870147255689424 0.03263052208835342 0.018072289156626505
0 0.33634538152610444 0.5846720214190094 0.010542168674698794 0.014725568942436412
0 0.5284889558232931 0.5980589022757697 0.004769076305220884 0.006693440428380187
0 0.473644578313253 0.5704484605087015 0.011546184738955823 0.008366800535475234
0 0.48493975903614456 0.5841700133868809 0.004518072289156626 0.012382864792503346
0 0.6238704819277109 0.5940428380187416 0.012801204819277108 0.015394912985274432
0 0.6231174698795181 0.6082663989290495 0.008785140562248996 0.012382864792503346
0 0.36997991967871485 0.44377510040160645 0.018072289156626505 0.018741633199464525
0 0.5017570281124498 0.43340026773761714 0.019076305220883535 0.024765729585006693
0 0.3942018072289157 0.44477911646586343 0.017319277108433735 0.019410977242302542
0 0.581074297188755 0.5845046854082999 0.007028112449799197 0.007028112449799197
0 0.5731676706827309 0.5846720214190094 0.0057730923694779114 0.008032128514056224
