0 0.6337890625 0.5684895833333333 0.014453125 0.0203125
0 0.4859375 0.6244791666666667 0.02734375 0.009375
0 0.56796875 0.6471354166666666 0.00546875 0.015104166666666667
0 0.430078125 0.6942708333333333 0.0078125 0.010416666666666666
0 0.46015625 0.6794270833333333 0.0125 0.016145833333333335
0 0.1564453125 0.6260416666666667 0.010546875 0.013541666666666667
0 0.208984375 0.66796875 0.01171875 0.016145833333333335
0 0.3337890625 0.6354166666666666 0.008984375 0.013541666666666667
0 0.8169921875 0.48463541666666665 0.044140625 0.0515625
0 0.6404296875 0.6494791666666667 0.006640625 0.008333333333333333
0 0.2080078125 0.6817708333333333 0.008984375 0.0125
0 0.4599609375 0.6921875 0.006640625 0.010416666666666666
0 0.3861328125 0.69921875 0.004296875 0.005729166666666666
