0 0.6351686507936508 0.527336860670194 0.00992063492063492 0.01763668430335097
0 0.5126488095238095 0.3626543209876543 0.04861111111111111 0.08245149911816578
0 0.5590277777777778 0.513668430335097 0.015873015873015872 0.007054673721340388
0 0.6744791666666666 0.5403439153439153 0.008680555555555556 0.013668430335097001
0 0.3177083333333333 0.5346119929453262 0.00496031746031746 0.009259259259259259
0 0.5589037698412699 0.5068342151675485 0.015128968253968254 0.006613756613756613
0 0.8716517857142857 0.49757495590828926 0.036458333333333336 0.021604938271604937
0 0.5099206349206349 0.41865079365079366 0.03819444444444445 0.028659611992945325
0 0.5592757936507936 0.5202821869488536 0.015873015873015872 0.007054673721340388
0 0.6354166666666666 0.5425485008818343 0.00248015873015873 0.011904761904761904
0 0.652281746031746 0.5414462081128748 0.002976190476190476 0.012345679012345678
0 0.3108878968253968 0.533289241622575 0.024553571428571428 0.017195767195767195
