0 0.9789663461538461 0.5266025641025641 0.025240384615384616 0.017948717948717947
0 0.98125 0.5421474358974359 0.02548076923076923 0.011858974358974358
0 0.9772836538461539 0.5115384615384615 0.025721153846153845 0.011538461538461539
0 0.7967548076923077 0.5536858974358975 0.010336538461538461 0.020833333333333332
0 0.7984375 0.5729166666666666 0.007932692307692307 0.015705128205128205
0 0.9158653846153846 0.3737179487179487 0.06875 0.0782051282051282
0 0.9213942307692308 0.446474358974359 0.05096153846153846 0.06794871794871794
0 0.42584134615384617 0.6110576923076924 0.006009615384615385 0.006730769230769231
0 0.41346153846153844 0.6150641025641026 0.002403846153846154 0.004487179487179487
0 0.37560096153846156 0.6052884615384615 0.007451923076923077 0.011858974358974358
0 0.30432692307692305 0.4996794871794872 0.0375 0.04230769230769231
0 0.3049278846153846 0.5391025641025641 0.025721153846153845 0.03461538461538462
0 0.28305288461538464 0.6304487179487179 0.003125 0.009615384615384616
0 0.2542067307692308 0.6346153846153846 0.0045673076923076926 0.014743589743589743
0 0.4911057692307692 0.5697115384615384 0.025 0.017628205128205128
0 0.29699519230769234 0.6290064102564102 0.003125 0.009294871794871795
