0 0.40637400793650796 0.4816468253968254 0.007192460317460317 0.008928571428571428
0 0.20510912698412698 0.5567129629629629 0.009424603174603174 0.015542328042328041
0 0.8556547619047619 0.059854497354497355 0.03571428571428571 0.11970899470899471
0 0.8294890873015873 0.5110780423280423 0.02554563492063492 0.05324074074074074
0 0.4035218253968254 0.5426587301587301 0.013392857142857142 0.02513227513227513
0 0.08060515873015874 0.5830026455026455 0.005456349206349206 0.008597883597883597
0 0.40587797619047616 0.48726851851851855 0.013640873015873016 0.0248015873015873
0 0.16889880952380953 0.5641534391534392 0.005952380952380952 0.009259259259259259
0 0.4045138888888889 0.5153769841269841 0.013888888888888888 0.03207671957671958
0 0.22842261904761904 0.5582010582010583 0.00744047619047619 0.012566137566137565
