0 0.5703125 0.6395582329317269 0.022025602409638554 0.03815261044176707
0 0.4172628012048193 0.5408299866131191 0.010730421686746988 0.009370816599732263
0 0.45924322289156627 0.6680053547523427 0.006965361445783132 0.004016064257028112
0 0.4057793674698795 0.5408299866131191 0.011859939759036145 0.009370816599732263
0 0.38977786144578314 0.6534471218206158 0.0035768072289156625 0.006358768406961178
0 0.3459149096385542 0.643574297188755 0.003953313253012048 0.006024096385542169
0 0.48522213855421686 0.5714524765729585 0.016001506024096387 0.014390896921017403
0 0.38968373493975905 0.6467536813922357 0.00338855421686747 0.005689424364123159
0 0.4942582831325301 0.5711178045515395 0.039721385542168676 0.025769745649263723
0 0.48785768072289154 0.6673360107095047 0.005082831325301205 0.010040160642570281
0 0.5705007530120482 0.6693440428380187 0.01148343373493976 0.02208835341365462
0 0.49416415662650603 0.5915327978580991 0.04442771084337349 0.01639892904953146
0 0.4112387048192771 0.5886880856760375 0.03407379518072289 0.025435073627844713
0 0.5077183734939759 0.6688420348058902 0.007530120481927711 0.013721552878179385
0 0.5705948795180723 0.6002342704149933 0.02447289156626506 0.0391566265060241
0 0.4116152108433735 0.5607429718875502 0.03407379518072289 0.03112449799196787
0 0.3460090361445783 0.6502677376171352 0.00338855421686747 0.00535475234270415
