0 0.4808517156862745 0.62890625 0.013786764705882353 0.02068014705882353
0 0.4574142156862745 0.71875 0.04963235294117647 0.06066176470588235
0 0.2878370098039216 0.7840073529411765 0.08302696078431372 0.12316176470588236
0 0.5628063725490197 0.7219669117647058 0.041666666666666664 0.04136029411764706
0 0.45557598039215685 0.7610294117647058 0.05330882352941176 0.030330882352941176
0 0.7155330882352942 0.6946231617647058 0.009497549019607842 0.01608455882352941
0 0.8449754901960784 0.6408547794117647 0.006127450980392157 0.003216911764705882
0 0.6741727941176471 0.6456801470588235 0.004595588235294118 0.007352941176470588
0 0.8446691176470589 0.6357996323529411 0.004901960784313725 0.006893382352941176
0 0.4808517156862745 0.6583180147058824 0.008884803921568627 0.021599264705882353
