0 0.2585565476190476 0.5345568783068783 0.009672619047619048 0.012896825396825396
0 0.9898313492063492 0.5114087301587301 0.018849206349206348 0.05919312169312169
0 0.9484126984126984 0.5110780423280423 0.031746031746031744 0.05720899470899471
0 0.36247519841269843 0.5543981481481481 0.006696428571428571 0.007605820105820105
0 0.36259920634920634 0.5601851851851852 0.006944444444444444 0.006613756613756613
0 0.4463045634920635 0.5653108465608465 0.006200396825396825 0.005621693121693121
0 0.4052579365079365 0.5631613756613757 0.006944444444444444 0.005952380952380952
0 0.4859871031746032 0.5625 0.004712301587301587 0.006613756613756613
0 0.40500992063492064 0.5572089947089947 0.006448412698412698 0.007936507936507936
0 0.4861111111111111 0.5677910052910053 0.005456349206349206 0.003968253968253968
0 0.6790674603174603 0.5778769841269841 0.004464285714285714 0.007605820105820105
0 0.4463045634920635 0.5593584656084656 0.005704365079365079 0.006944444444444444
