0 0.3766826923076923 0.29278846153846155 0.03221153846153846 0.03493589743589744
0 0.40240384615384617 0.2939102564102564 0.010576923076923078 0.013461538461538462
0 0.35504807692307694 0.31490384615384615 0.009615384615384616 0.016346153846153847
0 0.19915865384615383 0.3161858974358974 0.005528846153846154 0.00608974358974359
0 0.3543269230769231 0.29471153846153847 0.014423076923076924 0.022756410256410255
0 0.49627403846153845 0.2966346153846154 0.015625 0.029166666666666667
0 0.27920673076923075 0.3161858974358974 0.006009615384615385 0.00608974358974359
0 0.2784855769230769 0.3075320512820513 0.008413461538461538 0.0035256410256410257
0 0.1985576923076923 0.3092948717948718 0.009134615384615385 0.005128205128205128
0 0.09567307692307692 0.3022435897435897 0.010096153846153847 0.005128205128205128
