0 0.6167279411764706 0.5868055555555556 0.015318627450980392 0.020016339869281044
0 0.5343137254901961 0.6070261437908496 0.004901960784313725 0.008169934640522876
0 0.8158700980392157 0.4340277777777778 0.014705882352941176 0.024101307189542485
0 0.13648897058823528 0.5236928104575164 0.011948529411764705 0.013071895424836602
0 0.5822610294117647 0.5189950980392157 0.021752450980392156 0.00857843137254902
0 0.8462009803921569 0.5796568627450981 0.00857843137254902 0.011437908496732025
0 0.20986519607843138 0.6078431372549019 0.013480392156862746 0.015522875816993464
0 0.15441176470588236 0.6066176470588235 0.007352941176470588 0.011437908496732025
0 0.8446691176470589 0.5569852941176471 0.015318627450980392 0.03145424836601307
0 0.7170649509803921 0.5608660130718954 0.019301470588235295 0.024509803921568627
0 0.6176470588235294 0.5998774509803921 0.00857843137254902 0.0053104575163398695
