0 0.4440870098039216 0.4497549019607843 0.016237745098039217 0.006535947712418301
0 0.41222426470588236 0.3131127450980392 0.018075980392156864 0.010212418300653595
0 0.44684436274509803 0.44546568627450983 0.003982843137254902 0.0028594771241830064
0 0.47150735294117646 0.4493464052287582 0.016544117647058824 0.004084967320261438
0 0.4716605392156863 0.45608660130718953 0.016237745098039217 0.010212418300653595
0 0.49846813725490197 0.3576388888888889 0.009191176470588236 0.012663398692810458
0 0.30621936274509803 0.4622140522875817 0.02297794117647059 0.02900326797385621
0 0.5943627450980392 0.474468954248366 0.020833333333333332 0.02900326797385621
0 0.5176164215686274 0.2945261437908497 0.01685049019607843 0.010620915032679739
0 0.49800857843137253 0.2945261437908497 0.017463235294117647 0.010620915032679739
0 0.3929227941176471 0.3053513071895425 0.021139705882352942 0.027369281045751634
0 0.4736519607843137 0.44199346405228757 0.003676470588235294 0.0024509803921568627
0 0.44378063725490197 0.4569035947712418 0.016237745098039217 0.007761437908496732
0 0.4424019607843137 0.4452614379084967 0.003676470588235294 0.0024509803921568627
0 0.31035539215686275 0.491625816993464 0.011642156862745098 0.01511437908496732
0 0.30606617647058826 0.48080065359477125 0.017769607843137254 0.007352941176470588
0 0.4192708333333333 0.3660130718954248 0.07751225490196079 0.03349673202614379
0 0.4189644607843137 0.33394607843137253 0.07689950980392157 0.028186274509803922
0 0.5948223039215687 0.4930555555555556 0.017463235294117647 0.007352941176470588
0 0.28308823529411764 0.5 0.00857843137254902 0.005718954248366013
0 0.508578431372549 0.3604983660130719 0.06066176470588235 0.044526143790849675
0 0.5079656862745098 0.32883986928104575 0.05943627450980392 0.017973856209150325
0 0.5078125 0.3104575163398693 0.05974264705882353 0.016339869281045753
0 0.42953431372549017 0.3131127450980392 0.01715686274509804 0.010212418300653595
0 0.47058823529411764 0.44505718954248363 0.01715686274509804 0.003676470588235294
0 0.43826593137254904 0.44342320261437906 0.004595588235294118 0.006127450980392157
0 0.4693627450980392 0.44199346405228757 0.0030637254901960784 0.0024509803921568627
