0 0.7034855769230769 0.49567307692307694 0.013701923076923077 0.013782051282051282
0 0.6848557692307692 0.4953525641025641 0.020673076923076922 0.009294871794871795
0 0.5676682692307692 0.5536858974358975 0.009375 0.013141025641025641
0 0.5693509615384615 0.5610576923076923 0.0069711538461538465 0.006730769230769231
0 0.5677884615384615 0.5655448717948718 0.007211538461538462 0.009294871794871795
0 0.9370192307692308 0.4774038461538462 0.015384615384615385 0.02980769230769231
0 0.9832932692307692 0.42740384615384613 0.024278846153846154 0.05096153846153846
0 0.7256009615384615 0.34294871794871795 0.06081730769230769 0.07564102564102564
0 0.7295673076923077 0.4362179487179487 0.08028846153846154 0.09166666666666666
0 0.7359375 0.5048076923076923 0.06274038461538461 0.04358974358974359
0 0.04855769230769231 0.5769230769230769 0.012980769230769231 0.027564102564102563
0 0.04879807692307692 0.5474358974358975 0.016346153846153847 0.029487179487179487
0 0.1063701923076923 0.45368589743589743 0.04158653846153846 0.0516025641025641
