0 0.4864366319444444 0.45905671296296297 0.015842013888888888 0.019386574074074073
0 0.4010416666666667 0.4973958333333333 0.00390625 0.006944444444444444
0 0.4787326388888889 0.4904513888888889 0.006076388888888889 0.008101851851851851
0 0.6628689236111112 0.2980324074074074 0.037543402777777776 0.056712962962962965
0 0.4784071180555556 0.48148148148148145 0.006727430555555556 0.006944444444444444
0 0.4739583333333333 0.4888599537037037 0.005208333333333333 0.005497685185185185
0 0.4736328125 0.4817708333333333 0.005425347222222222 0.008680555555555556
0 0.4841579861111111 0.49247685185185186 0.004774305555555556 0.004050925925925926
0 0.4868706597222222 0.48017939814814814 0.005425347222222222 0.008969907407407407
0 0.4679904513888889 0.5062210648148148 0.007595486111111111 0.005497685185185185
0 0.4683159722222222 0.49971064814814814 0.007378472222222222 0.008101851851851851
0 0.1427951388888889 0.4657118055555556 0.011284722222222222 0.048900462962962965
0 0.4686414930555556 0.4816261574074074 0.006727430555555556 0.008391203703703705
0 0.4683159722222222 0.49030671296296297 0.0078125 0.008391203703703705
0 0.6653645833333334 0.3404224537037037 0.030381944444444444 0.028645833333333332
0 0.14442274305555555 0.42607060185185186 0.016710069444444444 0.03674768518518518
0 0.4861111111111111 0.4720775462962963 0.007378472222222222 0.004918981481481482
0 0.9268663194444444 0.27705439814814814 0.1345486111111111 0.20688657407407407
0 0.4014756944444444 0.5041956018518519 0.003472222222222222 0.008969907407407407
0 0.4467230902777778 0.5017361111111112 0.004557291666666667 0.006944444444444444
