0 0.6456137048192772 0.5256024096385542 0.06607680722891567 0.0645917001338688
0 0.7133847891566265 0.5240963855421686 0.03557981927710843 0.06091030789825971
0 0.7329631024096386 0.6265060240963856 0.013742469879518071 0.022757697456492636
0 0.8168298192771084 0.4929718875502008 0.03463855421686747 0.024765729585006693
0 0.5215549698795181 0.6117804551539491 0.024661144578313254 0.040829986613119144
0 0.5617469879518072 0.5768072289156626 0.04480421686746988 0.02643908969210174
0 0.7874623493975904 0.49313922356091033 0.01355421686746988 0.02175368139223561
0 0.5057417168674698 0.5836680053547524 0.031438253012048195 0.030120481927710843
0 0.733433734939759 0.6507697456492637 0.007906626506024096 0.02242302543507363
0 0.5621234939759037 0.6000669344042838 0.04405120481927711 0.020749665327978582
0 0.4972703313253012 0.6144578313253012 0.014118975903614458 0.03614457831325301
0 0.620105421686747 0.516566265060241 0.01016566265060241 0.018406961178045515
