0 0.7359871031746031 0.6182208994708994 0.015128968253968254 0.008928571428571428
0 0.6892361111111112 0.5577050264550265 0.05505952380952381 0.060515873015873016
0 0.6236359126984127 0.6167328042328042 0.006696428571428571 0.004629629629629629
0 0.6281001984126984 0.6246693121693122 0.00818452380952381 0.011243386243386243
0 0.17584325396825398 0.6519510582010583 0.013888888888888888 0.0248015873015873
0 0.6654265873015873 0.623181216931217 0.019345238095238096 0.021494708994708994
0 0.6153273809523809 0.6188822751322751 0.005952380952380952 0.0036375661375661374
0 0.6284722222222222 0.6339285714285714 0.00496031746031746 0.007275132275132275
0 0.17559523809523808 0.6350859788359788 0.015873015873015872 0.008928571428571428
0 0.39818948412698413 0.6484788359788359 0.014136904761904762 0.006613756613756613
0 0.36755952380952384 0.6375661375661376 0.011408730158730158 0.007275132275132275
0 0.6321924603174603 0.6188822751322751 0.005952380952380952 0.012896825396825396
