0 0.7182904411764706 0.6280637254901961 0.013786764705882353 0.009395424836601307
0 0.7182904411764706 0.6133578431372549 0.012561274509803922 0.017565359477124183
0 0.9194240196078431 0.6231617647058824 0.010416666666666666 0.007761437908496732
0 0.8342524509803921 0.6282679738562091 0.007352941176470588 0.014705882352941176
0 0.6799938725490197 0.6229575163398693 0.007659313725490196 0.013888888888888888
0 0.9186580882352942 0.6113153594771242 0.01011029411764706 0.015931372549019607
0 0.5857843137254902 0.6348039215686274 0.004901960784313725 0.008986928104575163
0 0.6161151960784313 0.6284722222222222 0.006127450980392157 0.011029411764705883
0 0.5859375 0.6425653594771242 0.005208333333333333 0.005718954248366013
0 0.594515931372549 0.6388888888888888 0.005821078431372549 0.0032679738562091504
0 0.5465686274509803 0.6343954248366013 0.006127450980392157 0.00980392156862745
0 0.5575980392156863 0.6429738562091504 0.001838235294117647 0.005718954248366013
0 0.5459558823529411 0.6433823529411765 0.003676470588235294 0.007352941176470588
0 0.5182291666666666 0.6125408496732027 0.006433823529411764 0.009395424836601307
0 0.5568321078431373 0.6362336601307189 0.004595588235294118 0.00857843137254902
0 0.5196078431372549 0.6433823529411765 0.003676470588235294 0.005718954248366013
0 0.5189950980392157 0.6233660130718954 0.006127450980392157 0.011437908496732025
0 0.5186887254901961 0.6360294117647058 0.004901960784313725 0.006535947712418301
0 0.5116421568627451 0.6464460784313726 0.003676470588235294 0.0053104575163398695
0 0.49494485294117646 0.5874183006535948 0.007659313725490196 0.008169934640522876
0 0.5104166666666666 0.6374591503267973 0.003676470588235294 0.006127450980392157
0 0.5105698529411765 0.6421568627450981 0.003982843137254902 0.0032679738562091504
0 0.36534926470588236 0.6384803921568627 0.004595588235294118 0.008169934640522876
0 0.3619791666666667 0.6362336601307189 0.003982843137254902 0.002042483660130719
0 0.3023897058823529 0.6205065359477124 0.009191176470588236 0.01715686274509804
0 0.38848039215686275 0.6227532679738562 0.00428921568627451 0.003676470588235294
0 0.4247855392156863 0.6088643790849673 0.005208333333333333 0.00857843137254902
0 0.39077818627450983 0.6366421568627451 0.0033700980392156864 0.0053104575163398695
0 0.39537377450980393 0.6111111111111112 0.013174019607843137 0.004901960784313725
0 0.40425857843137253 0.6096813725490197 0.003982843137254902 0.007761437908496732
0 0.36182598039215685 0.630718954248366 0.0030637254901960784 0.007352941176470588
0 0.4166666666666667 0.6092728758169934 0.004901960784313725 0.006944444444444444
0 0.3880208333333333 0.6172385620915033 0.003982843137254902 0.004084967320261438
0 0.4108455882352941 0.6094771241830066 0.0055147058823529415 0.007352941176470588
0 0.3943014705882353 0.6354166666666666 0.0024509803921568627 0.006127450980392157
0 0.5055147058823529 0.6521650326797386 0.00428921568627451 0.01184640522875817
0 0.39077818627450983 0.6425653594771242 0.0033700980392156864 0.006535947712418301
0 0.5052083333333334 0.641952614379085 0.003676470588235294 0.009395424836601307
0 0.1643688725490196 0.19464869281045752 0.2025122549019608 0.04125816993464052
0 0.034466911764705885 0.20261437908496732 0.047487745098039214 0.06535947712418301
