0 0.5751488095238095 0.5871362433862434 0.018849206349206348 0.030753968253968252
0 0.6343005952380952 0.4775132275132275 0.07961309523809523 0.02976190476190476
0 0.46589781746031744 0.5958994708994709 0.019097222222222224 0.018518518518518517
0 0.6820436507936508 0.6006944444444444 0.022817460317460316 0.060515873015873016
0 0.5040922619047619 0.6135912698412699 0.003224206349206349 0.006283068783068783
0 0.6682787698412699 0.45982142857142855 0.011656746031746032 0.006944444444444444
0 0.5290178571428571 0.6127645502645502 0.00248015873015873 0.005291005291005291
0 0.5627480158730159 0.611276455026455 0.00248015873015873 0.00496031746031746
0 0.5403025793650794 0.6122685185185185 0.002232142857142857 0.005621693121693121
0 0.5747767857142857 0.6102843915343915 0.002728174603174603 0.00496031746031746
0 0.4210069444444444 0.6220238095238095 0.003224206349206349 0.004629629629629629
0 0.5523313492063492 0.611276455026455 0.001984126984126984 0.00496031746031746
