0 0.8873456790123457 0.650977366255144 0.033950617283950615 0.045781893004115226
0 0.6911651234567902 0.5421810699588477 0.04359567901234568 0.0411522633744856
0 0.4650848765432099 0.6561213991769548 0.02662037037037037 0.03652263374485597
0 0.5439814814814815 0.5496399176954733 0.07484567901234568 0.04681069958847737
0 0.08314043209876543 0.466820987654321 0.022762345679012346 0.029320987654320986
0 0.6128472222222222 0.5462962962962963 0.060570987654320986 0.04526748971193416
0 0.6998456790123457 0.6820987654320988 0.008487654320987654 0.01131687242798354
0 0.5719521604938271 0.6787551440329218 0.0073302469135802465 0.00977366255144033
0 0.6136188271604939 0.5715020576131687 0.03896604938271605 0.0102880658436214
0 0.6917438271604939 0.5704732510288066 0.04552469135802469 0.013374485596707819
0 0.621141975308642 0.6797839506172839 0.008487654320987654 0.00977366255144033
0 0.7201003086419753 0.6810699588477366 0.0073302469135802465 0.0102880658436214
