0 0.6685625 0.499125 0.003625 0.00725
0 0.7436875 0.578 0.005875 0.0525
0 0.6686875 0.503875 0.003375 0.00275
0 0.6785625 0.50225 0.004625 0.01
0 0.5588125 0.5015 0.002375 0.0045
0 0.5586875 0.4965 0.002625 0.0045
0 0.775875 0.5435 0.01025 0.006
0 0.6390625 0.512 0.002125 0.0065
0 0.542375 0.6045 0.0115 0.0805
0 0.6783125 0.509 0.003625 0.0035
0 0.5963125 0.50025 0.002625 0.0035
0 0.704875 0.524 0.0015 0.017
0 0.802375 0.50375 0.00375 0.011
0 0.8036875 0.51525 0.003375 0.0105
0 0.5965625 0.495375 0.002625 0.00575
0 0.76025 0.503875 0.003 0.00975
0 0.2893125 0.501625 0.002875 0.00575
0 0.6691875 0.512875 0.001375 0.00875
0 0.2893125 0.49425 0.002375 0.007
