0 0.589625 0.5418333333333333 0.01225 0.017
0 0.773875 0.5003333333333333 0.06975 0.09533333333333334
0 0.361125 0.5161666666666667 0.02375 0.03166666666666667
0 0.35975 0.5716666666666667 0.0245 0.029333333333333333
0 0.783625 0.684 0.03275 0.048
0 0.35025 0.5393333333333333 0.0235 0.03
0 0.487625 0.5735 0.01275 0.015666666666666666
0 0.82925 0.6853333333333333 0.031 0.04466666666666667
0 0.387 0.5556666666666666 0.0065 0.010666666666666666
0 0.54525 0.454 0.0105 0.017333333333333333
0 0.52325 0.4533333333333333 0.0105 0.016
0 0.533875 0.4535 0.01075 0.015666666666666666
