0 0.47728413654618473 0.6191432396251674 0.003263052208835341 0.008032128514056224
0 0.49272088353413657 0.6000669344042838 0.021586345381526106 0.028781793842034806
0 0.701179718875502 0.6173025435073628 0.014809236947791165 0.019076305220883535
0 0.4367469879518072 0.5806559571619813 0.018072289156626505 0.00535475234270415
0 0.4929718875502008 0.6325301204819277 0.01104417670682731 0.014725568942436412
0 0.5953815261044176 0.6137884872824632 0.0035140562248995983 0.015394912985274432
0 0.3433734939759036 0.5811579651941098 0.006024096385542169 0.009705488621151271
0 0.22904116465863453 0.6258366800535475 0.008283132530120483 0.0107095046854083
0 0.3373493975903614 0.6367135207496654 0.006526104417670682 0.007028112449799197
0 0.3521586345381526 0.6151271753681392 0.0030120481927710845 0.00535475234270415
0 0.09249497991967871 0.5865127175368139 0.01430722891566265 0.005689424364123159
0 0.3367218875502008 0.6273427041499331 0.006275100401606426 0.007697456492637216
0 0.09236947791164658 0.6251673360107095 0.004518072289156626 0.0107095046854083
0 0.09186746987951808 0.6347054886211513 0.004518072289156626 0.008366800535475234
