0 0.624267578125 0.5354817708333334 0.02880859375 0.052734375
0 0.60888671875 0.4729817708333333 0.0556640625 0.07747395833333333
0 0.342529296875 0.5517578125 0.01806640625 0.017578125
0 0.34228515625 0.5315755208333334 0.0166015625 0.018880208333333332
0 0.408935546875 0.5286458333333334 0.00439453125 0.0234375
0 0.343505859375 0.5774739583333334 0.01220703125 0.018229166666666668
0 0.62451171875 0.5231119791666666 0.0185546875 0.025390625
0 0.342041015625 0.564453125 0.01708984375 0.0078125
0 0.931396484375 0.4459635416666667 0.01806640625 0.026041666666666668
0 0.936767578125 0.4710286458333333 0.01611328125 0.034505208333333336
0 0.9365234375 0.462890625 0.009765625 0.015625
0 0.5107421875 0.5035807291666666 0.01953125 0.014973958333333334
