0 0.4363239247311828 0.3897849462365591 0.028561827956989246 0.008736559139784945
0 0.4363239247311828 0.4007056451612903 0.029233870967741934 0.008400537634408602
0 0.7750336021505376 0.45631720430107525 0.010416666666666666 0.003360215053763441
0 0.7746975806451613 0.45950940860215056 0.009744623655913979 0.003696236559139785
0 0.7182459677419355 0.42019489247311825 0.03931451612903226 0.011760752688172043
0 0.15675403225806453 0.4640456989247312 0.006384408602150538 0.01478494623655914
0 0.4512768817204301 0.442372311827957 0.009408602150537635 0.013776881720430107
0 0.5682123655913979 0.47110215053763443 0.005376344086021506 0.010752688172043012
0 0.5882056451612904 0.4679099462365591 0.010416666666666666 0.009744623655913979
0 0.561491935483871 0.4632056451612903 0.006048387096774193 0.007056451612903226
0 0.2612567204301075 0.45581317204301075 0.02049731182795699 0.0198252688172043
0 0.1490255376344086 0.37819220430107525 0.01243279569892473 0.01243279569892473
0 0.15003360215053763 0.39348118279569894 0.011760752688172043 0.012096774193548387
0 0.14986559139784947 0.40893817204301075 0.012096774193548387 0.0114247311827957
0 0.15305779569892472 0.3659274193548387 0.008400537634408602 0.015456989247311828
