0 0.184765625 0.5986111111111111 0.03046875 0.041666666666666664
0 0.18515625 0.5652777777777778 0.0296875 0.019444444444444445
0 0.767578125 0.5638888888888889 0.07109375 0.09722222222222222
0 0.779296875 0.6354166666666666 0.01953125 0.034722222222222224
0 0.7546875 0.6375 0.0140625 0.027777777777777776
0 0.00703125 0.6305555555555555 0.0140625 0.030555555555555555
0 0.008203125 0.5972222222222222 0.01640625 0.041666666666666664
0 0.461328125 0.6486111111111111 0.01171875 0.019444444444444445
0 0.640234375 0.6493055555555556 0.01328125 0.020833333333333332
0 0.7671875 0.5430555555555555 0.021875 0.03611111111111111
0 0.755859375 0.6576388888888889 0.01484375 0.018055555555555554
