0 0.5130208333333334 0.4632352941176471 0.06893382352941177 0.024509803921568627
0 0.4039522058823529 0.5637254901960784 0.015625 0.0196078431372549
0 0.5873161764705882 0.5073529411764706 0.022058823529411766 0.02369281045751634
0 0.38174019607843135 0.5637254901960784 0.014705882352941176 0.0196078431372549
0 0.624234068627451 0.5712826797385621 0.11611519607843138 0.025735294117647058
0 0.36795343137254904 0.5269607843137255 0.022058823529411766 0.024509803921568627
0 0.35983455882352944 0.5627042483660131 0.014399509803921568 0.020016339869281044
0 0.4543504901960784 0.5071486928104575 0.02267156862745098 0.023284313725490197
0 0.30744485294117646 0.7132352941176471 0.002144607843137255 0.0032679738562091504
0 0.65625 0.7258986928104575 0.006740196078431373 0.012254901960784314
0 0.6240808823529411 0.516748366013072 0.11825980392156862 0.08415032679738563
0 0.48973651960784315 0.5251225490196079 0.11611519607843138 0.10580065359477124
0 0.3821997549019608 0.5447303921568627 0.07077205882352941 0.07393790849673203
0 0.5209865196078431 0.7085375816993464 0.013174019607843137 0.01511437908496732
0 0.6447610294117647 0.46282679738562094 0.06893382352941177 0.025326797385620915
0 0.9485294117647058 0.6717728758169934 0.027573529411764705 0.024101307189542485
0 0.35753676470588236 0.7142565359477124 0.0030637254901960784 0.0028594771241830064
