0 0.28137400793650796 0.33779761904761907 0.05084325396825397 0.06779100529100529
0 0.3523065476190476 0.3541666666666667 0.048859126984126984 0.07076719576719577
0 0.16728670634920634 0.33201058201058203 0.024057539682539684 0.07076719576719577
0 0.3540426587301587 0.398478835978836 0.04935515873015873 0.0205026455026455
0 0.17919146825396826 0.26008597883597884 0.028025793650793652 0.07043650793650794
0 0.1922123015873016 0.3237433862433862 0.026785714285714284 0.07275132275132275
0 0.45014880952380953 0.42509920634920634 0.005456349206349206 0.01025132275132275
0 0.2826140873015873 0.38095238095238093 0.03794642857142857 0.018518518518518517
0 0.4503968253968254 0.4125330687830688 0.00496031746031746 0.014219576719576719
0 0.478546626984127 0.4351851851851852 0.003720238095238095 0.016534391534391533
