0 0.6153492647058824 0.6627859477124183 0.0033700980392156864 0.0053104575163398695
0 0.6372549019607843 0.6640114379084967 0.004901960784313725 0.006944444444444444
0 0.6545649509803921 0.6617647058823529 0.004595588235294118 0.013071895424836602
0 0.6700367647058824 0.6625816993464052 0.004901960784313725 0.015522875816993464
0 0.5392156862745098 0.6627859477124183 0.0055147058823529415 0.0053104575163398695
0 0.5393688725490197 0.6550245098039216 0.007659313725490196 0.011029411764705883
0 0.5482536764705882 0.65625 0.005821078431372549 0.006944444444444444
0 0.2939644607843137 0.5345179738562091 0.1056985294117647 0.12540849673202614
0 0.296875 0.49530228758169936 0.061274509803921566 0.04125816993464052
0 0.6544117647058824 0.6578839869281046 0.004901960784313725 0.004493464052287581
0 0.6701899509803921 0.6582924836601307 0.004595588235294118 0.006944444444444444
0 0.2685355392156863 0.5537173202614379 0.053002450980392156 0.0763888888888889
0 0.31832107843137253 0.5575980392156863 0.04718137254901961 0.06535947712418301
