0 0.9505208333333334 0.7172619047619048 0.050347222222222224 0.06812169312169312
0 0.08072916666666667 0.6780753968253969 0.011656746031746032 0.01025132275132275
0 0.9295634920634921 0.6742724867724867 0.04017857142857143 0.05291005291005291
0 0.9521329365079365 0.7240410052910053 0.028769841269841268 0.03802910052910053
0 0.5668402777777778 0.7093253968253969 0.002232142857142857 0.003968253968253968
0 0.5665922619047619 0.7056878306878307 0.002728174603174603 0.003968253968253968
0 0.5670882936507936 0.7124669312169312 0.002232142857142857 0.0036375661375661374
0 0.08234126984126984 0.6691468253968254 0.020337301587301588 0.008928571428571428
0 0.08320932539682539 0.6638558201058201 0.007688492063492063 0.0036375661375661374
0 0.5747767857142857 0.687665343915344 0.004216269841269841 0.006283068783068783
0 0.6351686507936508 0.7144510582010583 0.007936507936507936 0.012235449735449735
0 0.6351686507936508 0.7020502645502645 0.00744047619047619 0.011904761904761904
