0 0.34512867647058826 0.5839460784313726 0.07383578431372549 0.07148692810457516
0 0.2697610294117647 0.5625 0.04932598039215686 0.051470588235294115
0 0.37254901960784315 0.6141748366013072 0.01715686274509804 0.03145424836601307
0 0.37285539215686275 0.6119281045751634 0.015318627450980392 0.0196078431372549
0 0.37974877450980393 0.6333741830065359 0.015625 0.003676470588235294
0 0.3788296568627451 0.6366421568627451 0.015012254901960785 0.003676470588235294
0 0.3791360294117647 0.6401143790849673 0.014399509803921568 0.0032679738562091504
0 0.3791360294117647 0.6435866013071896 0.014399509803921568 0.003676470588235294
0 0.3794424019607843 0.6464460784313726 0.014399509803921568 0.0028594771241830064
0 0.3792892156862745 0.6499183006535948 0.014093137254901961 0.004084967320261438
