0 0.8197021484375 0.61083984375 0.006591796875 0.012044270833333334
0 0.5582275390625 0.6199544270833334 0.005126953125 0.0068359375
0 0.7218017578125 0.5948893229166666 0.020751953125 0.027018229166666668
0 0.8697509765625 0.5353190104166666 0.013916015625 0.017252604166666668
0 0.5474853515625 0.6373697916666666 0.015380859375 0.021484375
0 0.6470947265625 0.578125 0.018310546875 0.022135416666666668
0 0.647705078125 0.5934244791666666 0.00927734375 0.005859375
0 0.5584716796875 0.6279296875 0.005615234375 0.007161458333333333
0 0.7242431640625 0.6246744791666666 0.023193359375 0.02734375
0 0.705322265625 0.63818359375 0.00537109375 0.017252604166666668
0 0.8204345703125 0.6240234375 0.008056640625 0.012369791666666666
