0 0.6123511904761905 0.49173280423280424 0.009424603174603174 0.011243386243386243
0 0.5380704365079365 0.4930555555555556 0.011656746031746032 0.007275132275132275
0 0.6313244047619048 0.49272486772486773 0.008680555555555556 0.010582010582010581
0 0.6030505952380952 0.4914021164021164 0.00818452380952381 0.010582010582010581
0 0.6032986111111112 0.48230820105820105 0.009176587301587302 0.006283068783068783
0 0.6313244047619048 0.484292328042328 0.009176587301587302 0.006283068783068783
0 0.6217757936507936 0.49206349206349204 0.008928571428571428 0.011243386243386243
0 0.6217757936507936 0.48313492063492064 0.009424603174603174 0.006613756613756613
0 0.6125992063492064 0.48197751322751325 0.008928571428571428 0.00496031746031746
0 0.5281498015873016 0.49437830687830686 0.005704365079365079 0.005952380952380952
