0 0.521113074204947 0.48692579505300354 0.005123674911660777 0.012720848056537103
0 0.1004416961130742 0.4371024734982332 0.011484098939929329 0.02049469964664311
0 0.11104240282685512 0.4348056537102474 0.0107773851590106 0.00812720848056537
0 0.08604240282685513 0.44293286219081274 0.018374558303886925 0.014487632508833921
0 0.2728798586572438 0.42703180212014136 0.00265017667844523 0.00812720848056537
0 0.10265017667844523 0.4639575971731449 0.00812720848056537 0.0063604240282685515
0 0.4531802120141343 0.46713780918727915 0.005653710247349823 0.0077738515901060075
0 0.4545053003533569 0.4558303886925795 0.006537102473498233 0.0077738515901060075
0 0.1019434628975265 0.4549469964664311 0.012014134275618375 0.01872791519434629
0 0.45627208480565373 0.4625441696113074 0.0107773851590106 0.0077738515901060075
