0 0.7423115079365079 0.4799933862433862 0.03273809523809524 0.04332010582010582
0 0.7945188492063492 0.5825066137566137 0.019593253968253968 0.020833333333333332
0 0.9107142857142857 0.5186838624338624 0.06597222222222222 0.060515873015873016
0 0.9123263888888888 0.5811838624338624 0.06572420634920635 0.06646825396825397
0 0.8132440476190477 0.5821759259259259 0.017857142857142856 0.023478835978835978
0 0.6506696428571429 0.6144179894179894 0.10193452380952381 0.057539682539682536
0 0.5447668650793651 0.611276455026455 0.07514880952380952 0.04861111111111111
0 0.016245039682539684 0.5434854497354498 0.03249007936507937 0.016865079365079364
0 0.017361111111111112 0.5229828042328042 0.034722222222222224 0.016203703703703703
0 0.7762896825396826 0.5833333333333334 0.016865079365079364 0.022486772486772486
0 0.9634176587301587 0.5616732804232805 0.06770833333333333 0.13921957671957672
0 0.8689236111111112 0.41335978835978837 0.08804563492063493 0.10648148148148148
