0 0.49169146825396826 0.5811838624338624 0.006200396825396825 0.008267195767195767
0 0.015004960317460318 0.5266203703703703 0.01066468253968254 0.01488095238095238
0 0.5887896825396826 0.5355489417989417 0.023313492063492064 0.030753968253968252
0 0.6051587301587301 0.5403439153439153 0.009424603174603174 0.012566137566137565
0 0.09275793650793651 0.6063161375661376 0.003472222222222222 0.006944444444444444
0 0.17447916666666666 0.5788690476190477 0.005208333333333333 0.008928571428571428
0 0.05952380952380952 0.5481150793650794 0.020337301587301588 0.026785714285714284
0 0.026785714285714284 0.5262896825396826 0.010416666666666666 0.013558201058201057
0 0.020213293650793652 0.5383597883597884 0.03546626984126984 0.051587301587301584
0 0.059399801587301584 0.5707671957671958 0.017609126984126984 0.017195767195767195
0 0.5572916666666666 0.5456349206349206 0.01636904761904762 0.0205026455026455
