0 0.43857230392156865 0.4728349673202614 0.04258578431372549 0.05923202614379085
0 0.5245098039215687 0.46282679738562094 0.04350490196078431 0.058823529411764705
0 0.49142156862745096 0.5831290849673203 0.044730392156862746 0.04125816993464052
0 0.6115196078431373 0.4522058823529412 0.04534313725490196 0.059640522875817
0 0.803921568627451 0.4338235294117647 0.058823529411764705 0.0718954248366013
0 0.44730392156862747 0.5886437908496732 0.0428921568627451 0.04084967320261438
0 0.3147977941176471 0.5381944444444444 0.053002450980392156 0.07066993464052287
0 0.5015318627450981 0.5735294117647058 0.007965686274509803 0.011437908496732025
0 0.4797794117647059 0.5761846405228758 0.007965686274509803 0.011029411764705883
0 0.71875 0.6331699346405228 0.006127450980392157 0.013888888888888888
0 0.7156862745098039 0.6439950980392157 0.014093137254901961 0.01838235294117647
0 0.9797794117647058 0.6239787581699346 0.03982843137254902 0.04370915032679738
0 0.7680759803921569 0.6446078431372549 0.009191176470588236 0.013888888888888888
