0 0.5717447916666667 0.6398148148148148 0.010677083333333334 0.019444444444444445
0 0.5305989583333334 0.6761574074074074 0.019010416666666665 0.011574074074074073
0 0.5298177083333333 0.625 0.006510416666666667 0.012037037037037037
0 0.50625 0.624537037037037 0.0067708333333333336 0.012037037037037037
0 0.6174479166666667 0.649537037037037 0.04010416666666667 0.04351851851851852
0 0.5614583333333333 0.6847222222222222 0.0125 0.012962962962962963
0 0.51171875 0.6631944444444444 0.0036458333333333334 0.0060185185185185185
0 0.5154947916666667 0.6905092592592592 0.012239583333333333 0.008796296296296297
0 0.5380208333333333 0.6627314814814815 0.003125 0.0060185185185185185
0 0.49583333333333335 0.6907407407407408 0.008333333333333333 0.008333333333333333
0 0.57109375 0.6784722222222223 0.015625 0.006944444444444444
0 0.45950520833333336 0.625 0.006510416666666667 0.012037037037037037
0 0.48216145833333335 0.625 0.006510416666666667 0.012037037037037037
0 0.5252604166666667 0.6631944444444444 0.0036458333333333334 0.0060185185185185185
0 0.5579427083333334 0.6932870370370371 0.00546875 0.004166666666666667
0 0.49947916666666664 0.6625 0.0036458333333333334 0.006481481481481481
