0 0.10106646825396826 0.5041335978835979 0.005704365079365079 0.007605820105820105
0 0.6671626984126984 0.5066137566137566 0.012896825396825396 0.036375661375661374
0 0.1739831349206349 0.47800925925925924 0.01314484126984127 0.01488095238095238
0 0.06349206349206349 0.503968253968254 0.005952380952380952 0.007275132275132275
0 0.03881448412698413 0.5014880952380952 0.004216269841269841 0.006944444444444444
0 0.2847222222222222 0.5044642857142857 0.003968253968253968 0.006944444444444444
0 0.08196924603174603 0.48478835978835977 0.01066468253968254 0.013227513227513227
0 0.048239087301587304 0.4933862433862434 0.013640873015873016 0.027116402116402115
0 0.28509424603174605 0.5079365079365079 0.00818452380952381 0.0205026455026455
0 0.015749007936507936 0.4895833333333333 0.009176587301587302 0.01025132275132275
0 0.25806051587301587 0.43799603174603174 0.013640873015873016 0.021494708994708994
0 0.7491319444444444 0.47437169312169314 0.006200396825396825 0.01488095238095238
0 0.4381200396825397 0.4495701058201058 0.014632936507936508 0.023478835978835978
0 0.3240327380952381 0.46147486772486773 0.01314484126984127 0.020833333333333332
0 0.501984126984127 0.492228835978836 0.011904761904761904 0.00958994708994709
0 0.04836309523809524 0.4871031746031746 0.00992063492063492 0.011243386243386243
0 0.1739831349206349 0.48660714285714285 0.017609126984126984 0.03736772486772487
0 0.501984126984127 0.48214285714285715 0.006944444444444444 0.011904761904761904
0 0.3236607142857143 0.4732142857142857 0.019345238095238096 0.04894179894179894
0 0.0822172619047619 0.492228835978836 0.014632936507936508 0.03009259259259259
0 0.25806051587301587 0.4494047619047619 0.018601190476190476 0.05026455026455026
0 0.43799603174603174 0.46279761904761907 0.020337301587301588 0.05720899470899471
0 0.7493799603174603 0.4799933862433862 0.006696428571428571 0.026124338624338623
0 0.015997023809523808 0.49619708994708994 0.012648809523809524 0.026124338624338623
0 0.2845982142857143 0.5110780423280423 0.004216269841269841 0.006283068783068783
