0 0.3107638888888889 0.3732363315696649 0.05654761904761905 0.08597883597883597
0 0.3091517857142857 0.45943562610229277 0.05679563492063492 0.08465608465608465
0 0.8666914682539683 0.4175485008818342 0.053323412698412696 0.07848324514991181
0 0.8705357142857143 0.5002204585537919 0.05555555555555555 0.07980599647266313
0 0.4076140873015873 0.5758377425044092 0.007688492063492063 0.008818342151675485
0 0.40835813492063494 0.5650352733686067 0.00818452380952381 0.012786596119929453
0 0.4871031746031746 0.5121252204585538 0.005456349206349206 0.009259259259259259
0 0.4399801587301587 0.5884038800705468 0.005456349206349206 0.009259259259259259
0 0.5329861111111112 0.5992063492063492 0.003968253968253968 0.006172839506172839
0 0.5628720238095238 0.591931216931217 0.005704365079365079 0.009259259259259259
0 0.6165674603174603 0.5778218694885362 0.007936507936507936 0.013668430335097001
