0 0.4918811274509804 0.5802696078431373 0.006433823529411764 0.009395424836601307
0 0.9013480392156863 0.36744281045751637 0.09375 0.11151960784313726
0 0.4661458333333333 0.6280637254901961 0.023590686274509803 0.01184640522875817
0 0.2699142156862745 0.5810866013071896 0.007352941176470588 0.011029411764705883
0 0.7282475490196079 0.5688316993464052 0.034926470588235295 0.030637254901960783
0 0.47012867647058826 0.6151960784313726 0.04197303921568627 0.015522875816993464
0 0.6567095588235294 0.6055964052287581 0.015625 0.0053104575163398695
0 0.8347120098039216 0.630718954248366 0.1130514705882353 0.04330065359477124
0 0.6571691176470589 0.6121323529411765 0.015931372549019607 0.006127450980392157
0 0.05606617647058824 0.5837418300653595 0.0055147058823529415 0.008169934640522876
0 0.4638480392156863 0.599468954248366 0.042279411764705885 0.016748366013071895
0 0.37484681372549017 0.5772058823529411 0.008272058823529412 0.013071895424836602
0 0.6565563725490197 0.616421568627451 0.009191176470588236 0.004084967320261438
0 0.6547181372549019 0.622140522875817 0.016544117647058824 0.006535947712418301
