0 0.4818509615384615 0.48701923076923076 0.012259615384615384 0.016987179487179486
0 0.5276442307692307 0.48878205128205127 0.00625 0.010897435897435897
0 0.5802884615384616 0.48525641025641025 0.004326923076923077 0.007692307692307693
0 0.48173076923076924 0.5003205128205128 0.009615384615384616 0.00641025641025641
0 0.6332932692307692 0.48381410256410257 0.004086538461538462 0.0054487179487179484
0 0.5929086538461539 0.4658653846153846 0.012259615384615384 0.004166666666666667
0 0.5933894230769231 0.47275641025641024 0.012259615384615384 0.007051282051282051
0 0.5935096153846153 0.4796474358974359 0.01201923076923077 0.004807692307692308
0 0.5938701923076923 0.48541666666666666 0.012259615384615384 0.004807692307692308
0 0.7700721153846154 0.4620192307692308 0.009375 0.009294871794871795
