0 0.36715328467153285 0.764720194647202 0.014598540145985401 0.01995133819951338
0 0.5574817518248175 0.7812652068126521 0.015693430656934307 0.020924574209245744
0 0.46970802919708027 0.7997566909975669 0.0021897810218978104 0.00535279805352798
0 0.4618613138686131 0.7995133819951338 0.0040145985401459855 0.007785888077858881
0 0.47773722627737225 0.8009732360097324 0.0036496350364963502 0.00583941605839416
0 0.5156934306569343 0.8090024330900243 0.00291970802919708 0.0034063260340632603
0 0.4930656934306569 0.8038929440389294 0.00291970802919708 0.004866180048661801
0 0.4864963503649635 0.8017031630170316 0.00291970802919708 0.004379562043795621
0 0.4740875912408759 0.7909975669099757 0.0051094890510948905 0.010218978102189781
0 0.5025547445255475 0.8060827250608272 0.00291970802919708 0.00535279805352798
