0 0.28846153846153844 0.572275641025641 0.0125 0.016346153846153847
0 0.2671875 0.5761217948717948 0.014182692307692308 0.01826923076923077
0 0.2888221153846154 0.586698717948718 0.014182692307692308 0.009294871794871795
0 0.05180288461538462 0.6514423076923077 0.01514423076923077 0.027884615384615386
0 0.29867788461538464 0.4806089743589744 0.11947115384615385 0.0625
0 0.28918269230769234 0.5966346153846154 0.013942307692307693 0.009294871794871795
0 0.05180288461538462 0.6520833333333333 0.010817307692307692 0.0125
0 0.34615384615384615 0.5911858974358974 0.00625 0.010576923076923078
0 0.33052884615384615 0.5915064102564103 0.008173076923076924 0.008653846153846154
0 0.3487980769230769 0.6137820512820513 0.008173076923076924 0.008974358974358974
