0 0.5918898809523809 0.5997023809523809 0.012152777777777778 0.016203703703703703
0 0.5596478174603174 0.5907738095238095 0.009176587301587302 0.011574074074074073
0 0.4809027777777778 0.5325727513227513 0.009424603174603174 0.012896825396825396
0 0.3913690476190476 0.6001984126984127 0.00992063492063492 0.012566137566137565
0 0.5533234126984127 0.5988756613756614 0.008928571428571428 0.012566137566137565
0 0.5600198412698413 0.6044973544973545 0.005456349206349206 0.004629629629629629
0 0.5598958333333334 0.5993716931216931 0.005208333333333333 0.005621693121693121
0 0.4505208333333333 0.6155753968253969 0.002728174603174603 0.00496031746031746
0 0.14149305555555555 0.6729497354497355 0.014136904761904762 0.07341269841269842
0 0.12016369047619048 0.6769179894179894 0.016121031746031748 0.082010582010582
