0 0.5952818627450981 0.3572984749455338 0.02144607843137255 0.0196078431372549
0 0.5942095588235294 0.31998910675381265 0.030943627450980393 0.05501089324618736
0 0.29044117647058826 0.4332788671023965 0.012867647058823529 0.022331154684095862
0 0.5834865196078431 0.44199346405228757 0.016237745098039217 0.009259259259259259
0 0.6055453431372549 0.2107843137254902 0.0548406862745098 0.1437908496732026
0 0.4802389705882353 0.4463507625272331 0.0070465686274509805 0.011437908496732025
0 0.4990808823529412 0.434640522875817 0.00980392156862745 0.016339869281045753
0 0.4996936274509804 0.44607843137254904 0.006740196078431373 0.006535947712418301
0 0.6605392156862745 0.4803921568627451 0.006740196078431373 0.02287581699346405
0 0.2775735294117647 0.38453159041394336 0.006127450980392157 0.017429193899782137
0 0.2922794117647059 0.4477124183006536 0.00428921568627451 0.006535947712418301
0 0.38143382352941174 0.46677559912854033 0.007352941176470588 0.02287581699346405
0 0.33792892156862747 0.47004357298474947 0.007965686274509803 0.023965141612200435
0 0.47518382352941174 0.4534313725490196 0.0055147058823529415 0.01579520697167756
