0 0.5902777777777778 0.7290013227513228 0.01636904761904762 0.0248015873015873
0 0.5101686507936508 0.7270171957671958 0.00992063492063492 0.017526455026455025
0 0.4548611111111111 0.7266865079365079 0.011408730158730158 0.016865079365079364
0 0.42150297619047616 0.7261904761904762 0.010168650793650794 0.01521164021164021
0 0.4789186507936508 0.7268518518518519 0.010912698412698412 0.017195767195767195
0 0.15699404761904762 0.7170965608465608 0.007936507936507936 0.012896825396825396
0 0.3931051587301587 0.7243716931216931 0.010416666666666666 0.01488095238095238
0 0.24193948412698413 0.7200727513227513 0.007688492063492063 0.012235449735449735
0 0.06411210317460317 0.7131283068783069 0.009176587301587302 0.010912698412698412
0 0.11569940476190477 0.716765873015873 0.008680555555555556 0.01025132275132275
0 0.20572916666666666 0.7212301587301587 0.011656746031746032 0.010582010582010581
