0 0.7261904761904762 0.2855489417989418 0.07341269841269842 0.09755291005291006
0 0.4086061507936508 0.455026455026455 0.016121031746031748 0.021164021164021163
0 0.17584325396825398 0.37665343915343913 0.04811507936507937 0.05886243386243386
0 0.6220238095238095 0.4558531746031746 0.016865079365079364 0.021494708994708994
0 0.4078621031746032 0.47172619047619047 0.012648809523809524 0.008267195767195767
0 0.6220238095238095 0.47172619047619047 0.01240079365079365 0.007605820105820105
0 0.730406746031746 0.3768187830687831 0.07589285714285714 0.09755291005291006
0 0.17633928571428573 0.4234457671957672 0.04861111111111111 0.03406084656084656
0 0.28794642857142855 0.48826058201058203 0.005456349206349206 0.007605820105820105
0 0.5999503968253969 0.4618055555555556 0.006448412698412698 0.008267195767195767
0 0.5994543650793651 0.48561507936507936 0.006448412698412698 0.008928571428571428
0 0.5994543650793651 0.453042328042328 0.008928571428571428 0.007936507936507936
0 0.8235367063492064 0.4236111111111111 0.007192460317460317 0.031084656084656083
0 0.736359126984127 0.44312169312169314 0.011408730158730158 0.021164021164021163
