0 0.9314236111111112 0.4451058201058201 0.020089285714285716 0.07539682539682539
0 0.47867063492063494 0.4089506172839506 0.04662698412698413 0.06393298059964726
0 0.42224702380952384 0.5231481481481481 0.00818452380952381 0.011904761904761904
0 0.6137152777777778 0.5108024691358025 0.006696428571428571 0.011904761904761904
0 0.6752232142857143 0.4984567901234568 0.01066468253968254 0.018077601410934743
0 0.6887400793650794 0.5119047619047619 0.013392857142857142 0.009700176366843033
0 0.6743551587301587 0.5103615520282186 0.006944444444444444 0.0048500881834215165
0 0.41257440476190477 0.5401234567901234 0.003224206349206349 0.006172839506172839
0 0.41617063492063494 0.5394620811287478 0.003968253968253968 0.005731922398589065
0 0.511780753968254 0.4651675485008818 0.015625 0.027336860670194002
