0 0.9603174603174603 0.5386904761904762 0.023809523809523808 0.023809523809523808
0 0.9527529761904762 0.5543981481481481 0.005208333333333333 0.006944444444444444
0 0.3567708333333333 0.42724867724867727 0.006696428571428571 0.010582010582010581
0 0.9583333333333334 0.5542328042328042 0.029265873015873016 0.010582010582010581
0 0.35367063492063494 0.3890542328042328 0.005456349206349206 0.01025132275132275
0 0.9737103174603174 0.5545634920634921 0.013888888888888888 0.01917989417989418
0 0.722718253968254 0.4973544973544973 0.005456349206349206 0.015873015873015872
0 0.39856150793650796 0.5095899470899471 0.007936507936507936 0.017857142857142856
0 0.37537202380952384 0.45552248677248675 0.009672619047619048 0.022156084656084655
0 0.7158978174603174 0.4933862433862434 0.022569444444444444 0.036375661375661374
0 0.9832589285714286 0.5942460317460317 0.012152777777777778 0.00992063492063492
0 0.35280257936507936 0.40228174603174605 0.005208333333333333 0.01025132275132275
0 0.7421875 0.5041335978835979 0.016617063492063492 0.0333994708994709
0 0.359375 0.40244708994708994 0.00496031746031746 0.00992063492063492
0 0.39074900793650796 0.4793320105820106 0.008680555555555556 0.016865079365079364
0 0.36061507936507936 0.3890542328042328 0.005952380952380952 0.01025132275132275
0 0.3529265873015873 0.4087301587301587 0.022321428571428572 0.05489417989417989
0 0.38058035714285715 0.4783399470899471 0.007192460317460317 0.016203703703703703
0 0.35453869047619047 0.486276455026455 0.0339781746031746 0.09623015873015874
0 0.38740079365079366 0.5084325396825397 0.05555555555555555 0.13525132275132276
0 0.3472222222222222 0.3888888888888889 0.00496031746031746 0.011243386243386243
0 0.37189980158730157 0.47701719576719576 0.00818452380952381 0.016865079365079364
0 0.38839285714285715 0.5084325396825397 0.00744047619047619 0.017526455026455025
0 0.3785962301587302 0.5066137566137566 0.007192460317460317 0.017857142857142856
0 0.4021577380952381 0.48048941798941797 0.009176587301587302 0.017857142857142856
0 0.3695436507936508 0.5054563492063492 0.006448412698412698 0.017526455026455025
0 0.3532986111111111 0.4661044973544973 0.02554563492063492 0.05257936507936508
0 0.9577132936507936 0.5682870370370371 0.019097222222222224 0.022817460317460316
0 0.9844990079365079 0.5793650793650794 0.019097222222222224 0.021825396825396824
0 0.5908978174603174 0.3149801587301587 0.0920138888888889 0.11805555555555555
0 0.3461061507936508 0.40145502645502645 0.005208333333333333 0.010582010582010581
0 0.7390873015873016 0.5023148148148148 0.00496031746031746 0.01521164021164021
