0 0.362109375 0.17083333333333334 0.01640625 0.030555555555555555
0 0.615234375 0.22152777777777777 0.01328125 0.02361111111111111
0 0.581640625 0.2 0.08984375 0.18611111111111112
0 0.3921875 0.19930555555555557 0.0921875 0.1875
0 0.31484375 0.5298611111111111 0.0140625 0.02638888888888889
0 0.576171875 0.4826388888888889 0.01171875 0.020833333333333332
0 0.58828125 0.4791666666666667 0.0125 0.019444444444444445
0 0.609375 0.47152777777777777 0.0140625 0.02361111111111111
0 0.609765625 0.4930555555555556 0.00703125 0.019444444444444445
0 0.576171875 0.5486111111111112 0.01171875 0.022222222222222223
0 0.488671875 0.19930555555555557 0.08984375 0.1875
0 0.4125 0.21458333333333332 0.025 0.04583333333333333
0 0.487890625 0.15208333333333332 0.02734375 0.04861111111111111
0 0.3734375 0.2152777777777778 0.025 0.04722222222222222
0 0.488671875 0.20347222222222222 0.01953125 0.0375
