0 0.4136284722222222 0.4799382716049383 0.016493055555555556 0.05632716049382716
0 0.058159722222222224 0.4866898148148148 0.012152777777777778 0.01890432098765432
0 0.712890625 0.515625 0.02734375 0.0628858024691358
0 0.9345703125 0.06905864197530864 0.12782118055555555 0.10185185185185185
0 0.9869791666666666 0.4820601851851852 0.025607638888888888 0.09606481481481481
0 0.9375 0.22588734567901234 0.12456597222222222 0.04513888888888889
0 0.9393446180555556 0.27719907407407407 0.1208767361111111 0.058256172839506175
0 0.9358723958333334 0.15933641975308643 0.12782118055555555 0.08564814814814815
0 0.9286024305555556 0.011381172839506173 0.04470486111111111 0.022762345679012346
0 0.057942708333333336 0.5044367283950617 0.0078125 0.01427469135802469
