0 0.56396484375 0.4752604166666667 0.015625 0.018229166666666668
0 0.5703125 0.4899088541666667 0.01953125 0.021484375
0 0.586181640625 0.4537760416666667 0.02099609375 0.02734375
0 0.60107421875 0.4713541666666667 0.021484375 0.029947916666666668
0 0.585693359375 0.4755859375 0.00927734375 0.025390625
0 0.449462890625 0.5074869791666666 0.00830078125 0.012369791666666666
0 0.338623046875 0.4739583333333333 0.00732421875 0.0234375
0 0.268798828125 0.3942057291666667 0.04150390625 0.050130208333333336
0 0.267333984375 0.4368489583333333 0.03564453125 0.041666666666666664
0 0.4619140625 0.5149739583333334 0.005859375 0.010416666666666666
0 0.531494140625 0.5149739583333334 0.00732421875 0.010416666666666666
