0 0.7159090909090909 0.42671277997364954 0.024209486166007904 0.035243741765480896
0 0.7146739130434783 0.39015151515151514 0.033102766798418976 0.035243741765480896
0 0.7167737154150198 0.45569828722002637 0.02149209486166008 0.020750988142292492
0 0.6038784584980237 0.4599802371541502 0.016057312252964428 0.024703557312252964
0 0.040266798418972335 0.49670619235836627 0.010869565217391304 0.017127799736495388
0 0.5184041501976284 0.49785902503293805 0.004199604743083004 0.006258234519104084
0 0.2924901185770751 0.497364953886693 0.006422924901185771 0.007905138339920948
0 0.5185276679841897 0.502635046113307 0.004446640316205534 0.002635046113306983
0 0.24629446640316205 0.4962121212121212 0.007905138339920948 0.010210803689064558
0 0.1850296442687747 0.5037878787878788 0.005434782608695652 0.01152832674571805
0 0.25506422924901184 0.4845191040843215 0.01457509881422925 0.005270092226613966
0 0.44577569169960474 0.4743083003952569 0.017539525691699604 0.005270092226613966
0 0.60350790513834 0.4797430830039526 0.00691699604743083 0.013504611330698288
0 0.2931077075098814 0.5041172595520421 0.0032114624505928855 0.005599472990777339
0 0.48999505928853754 0.5021409749670619 0.0037055335968379445 0.004281949934123847
0 0.038537549407114624 0.47579051383399207 0.019268774703557312 0.026021080368906456
0 0.24641798418972333 0.5047760210803689 0.004199604743083004 0.008893280632411068
0 0.5479249011857708 0.49341238471673254 0.004940711462450593 0.00922266139657444
0 0.5114871541501976 0.5019762845849802 0.004199604743083004 0.00461133069828722
0 0.48925395256917 0.4963768115942029 0.004693675889328063 0.006587615283267457
0 0.4704792490118577 0.4993412384716733 0.0066699604743083 0.00922266139657444
0 0.5333498023715415 0.4975296442687747 0.003458498023715415 0.007575757575757576
0 0.5258152173913043 0.49538866930171277 0.009140316205533596 0.012516469038208168
