0 0.390625 0.7359068627450981 0.011029411764705883 0.014297385620915032
0 0.8344056372549019 0.7479575163398693 0.01133578431372549 0.014705882352941176
0 0.45787377450980393 0.7632761437908496 0.0070465686274509805 0.012663398692810458
0 0.828890931372549 0.7477532679738562 0.02297794117647059 0.027369281045751634
0 0.5199142156862745 0.7767565359477124 0.0024509803921568627 0.0053104575163398695
0 0.5165441176470589 0.7759395424836601 0.003676470588235294 0.006127450980392157
0 0.3861825980392157 0.7352941176470589 0.021139705882352942 0.026143790849673203
0 0.5064338235294118 0.7712418300653595 0.004901960784313725 0.008169934640522876
0 0.5062806372549019 0.7769607843137255 0.004595588235294118 0.004901960784313725
0 0.6387867647058824 0.7461192810457516 0.00980392156862745 0.003676470588235294
0 0.44684436274509803 0.7681781045751634 0.0015318627450980392 0.007761437908496732
