0 0.6625494071146245 0.6648550724637681 0.025197628458498024 0.04314888010540185
0 0.5516304347826086 0.6870882740447958 0.009387351778656126 0.01383399209486166
0 0.5329792490118577 0.6075428194993412 0.015563241106719368 0.021409749670619236
0 0.09350296442687747 0.5955204216073782 0.010128458498023716 0.025691699604743084
0 0.7185029644268774 0.6505270092226614 0.007658102766798419 0.028985507246376812
0 0.5683053359683794 0.6865942028985508 0.008646245059288538 0.015480895915678524
0 0.34955533596837945 0.7043807641633728 0.012845849802371542 0.018774703557312252
0 0.4539278656126482 0.605072463768116 0.015069169960474308 0.021080368906455864
0 0.11178359683794467 0.599802371541502 0.012104743083003952 0.025032938076416336
0 0.5612648221343873 0.6409749670619236 0.018774703557312252 0.005928853754940711
0 0.5692934782608695 0.6997694334650857 0.00716403162055336 0.014163372859025032
