0 0.5176164215686274 0.349400871459695 0.021752450980392156 0.039760348583877995
0 0.563265931372549 0.4550653594771242 0.003982843137254902 0.016884531590413945
0 0.5836397058823529 0.2622549019607843 0.02389705882352941 0.041938997821350764
0 0.5197610294117647 0.3940631808278867 0.011948529411764705 0.01252723311546841
0 0.5458026960784313 0.32598039215686275 0.015625 0.027777777777777776
0 0.49019607843137253 0.4550653594771242 0.00428921568627451 0.004901960784313725
0 0.49004289215686275 0.44798474945533767 0.005208333333333333 0.008169934640522876
0 0.47840073529411764 0.4583333333333333 0.002144607843137255 0.004901960784313725
0 0.5974264705882353 0.3959694989106754 0.061274509803921566 0.06753812636165578
0 0.5955882352941176 0.33387799564270154 0.061887254901960786 0.06535947712418301
0 0.17754289215686275 0.46977124183006536 0.0070465686274509805 0.023420479302832243
