0 0.83515625 0.575462962962963 0.058333333333333334 0.10555555555555556
0 0.07486979166666667 0.47847222222222224 0.07213541666666666 0.12268518518518519
0 0.53359375 0.632175925925926 0.004166666666666667 0.008796296296296297
0 0.5658854166666667 0.6354166666666666 0.00625 0.014351851851851852
0 0.6678385416666667 0.6453703703703704 0.015364583333333333 0.03425925925925926
0 0.66796875 0.6097222222222223 0.04010416666666667 0.06759259259259259
0 0.6686197916666666 0.6097222222222223 0.03619791666666667 0.05277777777777778
0 0.5453125 0.6365740740740741 0.003125 0.022222222222222223
0 0.22864583333333333 0.5689814814814815 0.0375 0.05462962962962963
0 0.228125 0.5997685185185185 0.016666666666666666 0.034722222222222224
0 0.22916666666666666 0.5634259259259259 0.04010416666666667 0.07037037037037037
0 0.39986979166666664 0.6268518518518519 0.0033854166666666668 0.019444444444444445
0 0.519140625 0.5768518518518518 0.014322916666666666 0.006481481481481481
