0 0.4361979166666667 0.5819444444444445 0.019791666666666666 0.028703703703703703
0 0.4934895833333333 0.5914351851851852 0.008854166666666666 0.016203703703703703
0 0.42864583333333334 0.6081018518518518 0.009375 0.018055555555555554
0 0.43854166666666666 0.5953703703703703 0.005729166666666666 0.009259259259259259
0 0.69296875 0.6506944444444445 0.00625 0.008796296296296297
0 0.68125 0.6284722222222222 0.008333333333333333 0.005092592592592593
0 0.41875 0.63125 0.0067708333333333336 0.01898148148148148
0 0.6930989583333333 0.6800925925925926 0.010677083333333334 0.013888888888888888
0 0.9447916666666667 0.6865740740740741 0.0046875 0.009259259259259259
0 0.9299479166666667 0.6675925925925926 0.0036458333333333334 0.009259259259259259
