0 0.6804405120481928 0.5856760374832664 0.007718373493975903 0.015394912985274432
0 0.3926957831325301 0.6121151271753681 0.002259036144578313 0.004016064257028112
0 0.42102786144578314 0.6104417670682731 0.003200301204819277 0.006693440428380187
0 0.42987575301204817 0.6086010709504686 0.003200301204819277 0.005689424364123159
0 0.37697665662650603 0.607764390896921 0.0028237951807228916 0.00535475234270415
0 0.35175075301204817 0.6099397590361446 0.002447289156626506 0.0050200803212851405
0 0.338855421686747 0.6101070950468541 0.0030120481927710845 0.004685408299866131
0 0.3096762048192771 0.5908634538152611 0.006024096385542169 0.01104417670682731
0 0.3125 0.6062583668005355 0.00338855421686747 0.006358768406961178
0 0.31842996987951805 0.6087684069611781 0.003200301204819277 0.00535475234270415
0 0.4115210843373494 0.606760374832664 0.0037650602409638554 0.006024096385542169
0 0.4211219879518072 0.6040829986613119 0.0037650602409638554 0.007362784471218206
0 0.4399472891566265 0.5744645247657296 0.007906626506024096 0.013721552878179385
0 0.4396649096385542 0.5883534136546185 0.007718373493975903 0.014056224899598393
0 0.3678463855421687 0.6045850066934404 0.00338855421686747 0.006358768406961178
0 0.3771649096385542 0.6010709504685409 0.004329819277108434 0.006693440428380187
0 0.3670933734939759 0.6186412315930389 0.0037650602409638554 0.005689424364123159
0 0.4039909638554217 0.6109437751004017 0.002259036144578313 0.004350736278447122
0 0.4107680722891566 0.6117804551539491 0.0026355421686746986 0.004685408299866131
