0 0.7707589285714286 0.34386160714285713 0.013541666666666667 0.03236607142857143
0 0.6320684523809523 0.35446428571428573 0.008779761904761905 0.012946428571428572
0 0.5386904761904762 0.3869419642857143 0.008928571428571428 0.016741071428571428
0 0.5699404761904762 0.36953125 0.017857142857142856 0.005133928571428571
0 0.5270089285714286 0.3938616071428571 0.006101190476190476 0.009598214285714286
0 0.45349702380952384 0.3848214285714286 0.006994047619047619 0.011607142857142858
0 0.6395833333333333 0.3744419642857143 0.011011904761904763 0.011383928571428571
0 0.6316964285714286 0.35435267857142855 0.013988095238095239 0.025223214285714286
0 0.5244047619047619 0.39921875 0.003869047619047619 0.005580357142857143
0 0.5240327380952381 0.39375 0.003720238095238095 0.005803571428571429
