0 0.32775 0.5753333333333334 0.0335 0.024
0 0.319375 0.6073333333333333 0.01875 0.03266666666666666
0 0.22725 0.4553333333333333 0.0525 0.021333333333333333
0 0.516625 0.6085 0.02375 0.033666666666666664
0 0.357125 0.6213333333333333 0.03575 0.024
0 0.393 0.669 0.008 0.011333333333333334
0 0.42425 0.6858333333333333 0.0075 0.009
0 0.254875 0.6328333333333334 0.02375 0.041666666666666664
0 0.327125 0.6505 0.00775 0.015666666666666666
0 0.27625 0.6565 0.005 0.009
0 0.08875 0.6058333333333333 0.0105 0.021
0 0.347 0.6173333333333333 0.0075 0.011333333333333334
0 0.002375 0.44316666666666665 0.00475 0.022333333333333334
