0 0.478625 0.4051666666666667 0.01625 0.028333333333333332
0 0.794125 0.2851666666666667 0.04725 0.041
0 0.62275 0.386 0.017 0.023333333333333334
0 0.478125 0.4051666666666667 0.01075 0.013666666666666667
0 0.045625 0.3426666666666667 0.00975 0.021333333333333333
0 0.417125 0.43083333333333335 0.00575 0.008333333333333333
0 0.793 0.375 0.046 0.026
0 0.127 0.2555 0.0085 0.043666666666666666
0 0.124875 0.2865 0.00675 0.017666666666666667
0 0.04525 0.35733333333333334 0.0075 0.007333333333333333
0 0.794375 0.33116666666666666 0.04475 0.03166666666666667
0 0.562875 0.427 0.00675 0.018
0 0.793875 0.3536666666666667 0.04575 0.029333333333333333
0 0.794625 0.31033333333333335 0.04525 0.032
