0 0.544921875 0.5291666666666667 0.01640625 0.019444444444444445
0 0.70859375 0.3625 0.0515625 0.06666666666666667
0 0.372265625 0.5451388888888888 0.01171875 0.018055555555555554
0 0.579296875 0.5368055555555555 0.01015625 0.015277777777777777
0 0.37265625 0.5631944444444444 0.0109375 0.020833333333333332
0 0.723828125 0.6305555555555555 0.03828125 0.07222222222222222
0 0.51953125 0.5326388888888889 0.0078125 0.015277777777777777
0 0.91953125 0.4840277777777778 0.0109375 0.043055555555555555
0 0.042578125 0.5097222222222222 0.01015625 0.019444444444444445
0 0.4515625 0.5291666666666667 0.009375 0.013888888888888888
