0 0.7764322916666667 0.4412037037037037 0.045572916666666664 0.0787037037037037
0 0.444921875 0.5425925925925926 0.009114583333333334 0.019444444444444445
0 0.472265625 0.5516203703703704 0.0033854166666666668 0.024537037037037038
0 0.4928385416666667 0.5361111111111111 0.004427083333333333 0.018518518518518517
0 0.5571614583333333 0.5157407407407407 0.02265625 0.05555555555555555
0 0.7041666666666667 0.39189814814814816 0.0109375 0.029166666666666667
0 0.448046875 0.549537037037037 0.0033854166666666668 0.022222222222222223
0 0.455078125 0.5449074074074074 0.010677083333333334 0.020370370370370372
0 0.38333333333333336 0.53125 0.00625 0.008796296296296297
0 0.534375 0.5247685185185185 0.0046875 0.014351851851851852
0 0.45729166666666665 0.5513888888888889 0.0036458333333333334 0.024074074074074074
0 0.51796875 0.524537037037037 0.007291666666666667 0.021296296296296296
0 0.7084635416666667 0.58125 0.07994791666666666 0.12916666666666668
0 0.465234375 0.5456018518518518 0.01171875 0.01990740740740741
0 0.4796875 0.5453703703703704 0.011458333333333333 0.021296296296296296
0 0.491015625 0.5421296296296296 0.012239583333333333 0.025
0 0.7760416666666666 0.3590277777777778 0.0546875 0.0875
0 0.575 0.544675925925926 0.0140625 0.02546296296296296
0 0.6127604166666667 0.5548611111111111 0.0171875 0.03009259259259259
0 0.567578125 0.5166666666666667 0.01015625 0.019444444444444445
0 0.5670572916666666 0.4965277777777778 0.01328125 0.02175925925925926
0 0.83515625 0.5645833333333333 0.013020833333333334 0.03657407407407407
0 0.36302083333333335 0.5268518518518519 0.0046875 0.012037037037037037
