0 0.4802389705882353 0.5900735294117647 0.04932598039215686 0.012663398692810458
0 0.4658394607843137 0.6037581699346405 0.0027573529411764708 0.004901960784313725
0 0.46951593137254904 0.6037581699346405 0.0027573529411764708 0.004901960784313725
0 0.4733455882352941 0.6037581699346405 0.0024509803921568627 0.004901960784313725
0 0.47671568627450983 0.6037581699346405 0.0024509803921568627 0.004901960784313725
0 0.4803921568627451 0.6039624183006536 0.0024509803921568627 0.0053104575163398695
0 0.4152879901960784 0.6019199346405228 0.0033700980392156864 0.003676470588235294
0 0.41911764705882354 0.6015114379084967 0.0030637254901960784 0.003676470588235294
0 0.4299938725490196 0.6015114379084967 0.002144607843137255 0.003676470588235294
0 0.0507046568627451 0.5616830065359477 0.008272058823529412 0.01715686274509804
