0 0.6359126984126984 0.18171296296296297 0.06448412698412699 0.24305555555555555
0 0.1875 0.529265873015873 0.03373015873015873 0.11078042328042328
0 0.17385912698412698 0.6904761904761905 0.05704365079365079 0.082010582010582
0 0.5843253968253969 0.46378968253968256 0.017857142857142856 0.12466931216931217
0 0.34077380952380953 0.7837301587301587 0.028769841269841268 0.011243386243386243
0 0.6171875 0.1962632275132275 0.007688492063492063 0.026124338624338623
0 0.9460565476190477 0.8206018518518519 0.025049603174603176 0.045965608465608467
0 0.16654265873015872 0.7554563492063492 0.013640873015873016 0.045965608465608467
0 0.3861607142857143 0.8158068783068783 0.010416666666666666 0.010582010582010581
0 0.3888888888888889 0.8234126984126984 0.005952380952380952 0.004629629629629629
0 0.14260912698412698 0.8373015873015873 0.006944444444444444 0.007936507936507936
0 0.36768353174603174 0.8141534391534392 0.004216269841269841 0.01521164021164021
