0 0.7554563492063492 0.7564484126984127 0.03968253968253968 0.05191798941798942
0 0.1362847222222222 0.5479497354497355 0.03844246031746032 0.04894179894179894
0 0.5974702380952381 0.7200727513227513 0.02976190476190476 0.03141534391534392
0 0.3818204365079365 0.5706018518518519 0.031001984126984128 0.04728835978835979
0 0.708953373015873 0.749834656084656 0.021081349206349208 0.02017195767195767
0 0.7061011904761905 0.7208994708994709 0.027777777777777776 0.03042328042328042
0 0.558655753968254 0.7718253968253969 0.03546626984126984 0.02976190476190476
0 0.6495535714285714 0.6547619047619048 0.13541666666666666 0.06084656084656084
0 0.5985863095238095 0.7493386243386243 0.02058531746031746 0.01984126984126984
0 0.5964781746031746 0.6946097883597884 0.022817460317460316 0.016203703703703703
0 0.38169642857142855 0.5687830687830688 0.014384920634920634 0.01521164021164021
0 0.7037450396825397 0.6957671957671958 0.0220734126984127 0.015873015873015872
