0 0.9781746031746031 0.1636904761904762 0.00992063492063492 0.021825396825396824
0 0.28918650793650796 0.37003968253968256 0.00496031746031746 0.007936507936507936
0 0.8146081349206349 0.24553571428571427 0.009176587301587302 0.011574074074074073
0 0.8157242063492064 0.2585978835978836 0.00992063492063492 0.013227513227513227
0 0.8049355158730159 0.2478505291005291 0.005208333333333333 0.006944444444444444
0 0.5851934523809523 0.32076719576719576 0.007192460317460317 0.011904761904761904
0 0.28955853174603174 0.3731812169312169 0.010168650793650794 0.021494708994708994
0 0.9790426587301587 0.18171296296296297 0.00818452380952381 0.012896825396825396
0 0.5482390873015873 0.27744708994708994 0.04241071428571429 0.022486772486772486
0 0.8048115079365079 0.2509920634920635 0.006944444444444444 0.013888888888888888
