0 0.6217757936507936 0.5087632275132276 0.0248015873015873 0.03207671957671958
0 0.1654265873015873 0.5094246031746031 0.023313492063492064 0.030753968253968252
0 0.5572916666666666 0.6003637566137566 0.014384920634920634 0.012896825396825396
0 0.3607390873015873 0.5749007936507936 0.018601190476190476 0.023478835978835978
0 0.34263392857142855 0.6058201058201058 0.009176587301587302 0.013227513227513227
0 0.35478670634920634 0.6015211640211641 0.009176587301587302 0.017195767195767195
0 0.6218998015873016 0.5211640211640212 0.025049603174603176 0.057539682539682536
0 0.3619791666666667 0.5940806878306878 0.015128968253968254 0.013558201058201057
0 0.16480654761904762 0.5219907407407407 0.025049603174603176 0.05853174603174603
0 0.5576636904761905 0.5831679894179894 0.017609126984126984 0.022156084656084655
