0 0.2667100694444444 0.5609085648148148 0.006944444444444444 0.009548611111111112
0 0.5693359375 0.4830729166666667 0.012369791666666666 0.039641203703703706
0 0.5695529513888888 0.5217013888888888 0.007595486111111111 0.03761574074074074
0 0.08333333333333333 0.5496238425925926 0.006510416666666667 0.009548611111111112
0 0.08235677083333333 0.5587384259259259 0.004557291666666667 0.00636574074074074
0 0.1201171875 0.5610532407407407 0.005425347222222222 0.00636574074074074
0 0.1684027777777778 0.5435474537037037 0.005208333333333333 0.006655092592592593
0 0.16796875 0.5502025462962963 0.006076388888888889 0.007233796296296296
0 0.1672092013888889 0.5649594907407407 0.007595486111111111 0.009548611111111112
0 0.0498046875 0.5562789351851852 0.0032552083333333335 0.004918981481481482
0 0.04969618055555555 0.5522280092592593 0.00390625 0.0026041666666666665
0 0.2660590277777778 0.5685763888888888 0.008680555555555556 0.004629629629629629
0 0.2659505208333333 0.5737847222222222 0.008897569444444444 0.005208333333333333
0 0.1199001736111111 0.5538194444444444 0.004991319444444444 0.005787037037037037
0 0.4418402777777778 0.5523726851851852 0.005208333333333333 0.015625
0 0.44140625 0.5666956018518519 0.0030381944444444445 0.013599537037037037
