0 0.17780496987951808 0.3569277108433735 0.005835843373493976 0.028447121820615796
0 0.17789909638554216 0.3830321285140562 0.004894578313253012 0.02175368139223561
0 0.6457078313253012 0.4004350736278447 0.014683734939759037 0.015060240963855422
0 0.5737951807228916 0.4001004016064257 0.013177710843373495 0.030455153949129853
0 0.6538968373493976 0.37399598393574296 0.04574548192771084 0.02710843373493976
0 0.6548381024096386 0.3425368139223561 0.04536897590361446 0.029116465863453816
0 0.42093373493975905 0.44126506024096385 0.0030120481927710845 0.005689424364123159
0 0.4244164156626506 0.43172690763052207 0.003200301204819277 0.006024096385542169
0 0.14429593373493976 0.38052208835341367 0.012612951807228916 0.0214190093708166
0 0.14410768072289157 0.3947456492637216 0.012989457831325301 0.007697456492637216
0 0.14410768072289157 0.40194109772423026 0.012989457831325301 0.006693440428380187
