0 0.24785539215686275 0.26429738562091504 0.02022058823529412 0.03022875816993464
0 0.3460477941176471 0.2914624183006536 0.04932598039215686 0.07883986928104575
0 0.24800857843137256 0.26858660130718953 0.033394607843137254 0.0494281045751634
0 0.9113051470588235 0.36294934640522875 0.006433823529411764 0.006944444444444444
0 0.24923406862745098 0.30923202614379086 0.029105392156862746 0.035130718954248366
0 0.8916973039215687 0.3641748366013072 0.004595588235294118 0.006944444444444444
0 0.7126225490196079 0.3116830065359477 0.03431372549019608 0.04493464052287582
0 0.25076593137254904 0.3349673202614379 0.026041666666666668 0.018790849673202614
0 0.25245098039215685 0.35355392156862747 0.027573529411764705 0.01919934640522876
0 0.24448529411764705 0.3355800653594771 0.006740196078431373 0.010212418300653595
0 0.9526654411764706 0.3488562091503268 0.004595588235294118 0.008986928104575163
