0 0.5572289156626506 0.5578982597054887 0.009538152610441768 0.012717536813922356
0 0.7879016064257028 0.5557228915662651 0.015562248995983935 0.005689424364123159
0 0.4411395582329317 0.5431726907630522 0.015311244979919678 0.007362784471218206
0 0.5567269076305221 0.5682730923694779 0.006526104417670682 0.006693440428380187
0 0.433609437751004 0.5573962516733602 0.013303212851405623 0.028447121820615796
0 0.5568524096385542 0.5635876840696118 0.012299196787148595 0.028781793842034806
0 0.4329819277108434 0.5679384203480589 0.006526104417670682 0.004016064257028112
0 0.4329819277108434 0.5622489959839357 0.006526104417670682 0.006024096385542169
0 0.5567269076305221 0.5739625167336011 0.008032128514056224 0.004016064257028112
0 0.4339859437751004 0.5522088353413654 0.009036144578313253 0.013386880856760375
