0 0.6760912698412699 0.47701719576719576 0.010912698412698412 0.014219576719576719
0 0.7416914682539683 0.4072420634920635 0.04935515873015873 0.06316137566137567
0 0.4782986111111111 0.43915343915343913 0.022569444444444444 0.027777777777777776
0 0.7943948412698413 0.4332010582010582 0.027281746031746032 0.02976190476190476
0 0.4781746031746032 0.46808862433862436 0.017361111111111112 0.03009259259259259
0 0.9182787698412699 0.453042328042328 0.033482142857142856 0.01521164021164021
0 0.7420634920634921 0.4601521164021164 0.030257936507936508 0.018849206349206348
0 0.7952628968253969 0.45618386243386244 0.02058531746031746 0.016203703703703703
0 0.5860615079365079 0.4732142857142857 0.01488095238095238 0.007936507936507936
0 0.5932539682539683 0.48544973544973546 0.01240079365079365 0.017195767195767195
