0 0.5558381782945736 0.499031007751938 0.006540697674418605 0.010981912144702842
0 0.4475532945736434 0.5 0.006540697674418605 0.009689922480620155
0 0.5603197674418605 0.4560723514211886 0.026647286821705425 0.00904392764857881
0 0.4272044573643411 0.5095284237726099 0.005087209302325582 0.006136950904392765
0 0.49103682170542634 0.5017764857881137 0.003391472868217054 0.0022609819121447027
0 0.5594718992248062 0.44589793281653745 0.033672480620155036 0.008074935400516795
0 0.7246850775193798 0.4392764857881137 0.006056201550387597 0.007751937984496124
0 0.5159883720930233 0.4959625322997416 0.009689922480620155 0.006782945736434108
0 0.515625 0.4877260981912145 0.00944767441860465 0.010981912144702842
0 0.39098837209302323 0.5017764857881137 0.006298449612403101 0.011304909560723515
0 0.4909156976744186 0.4969315245478036 0.006056201550387597 0.007428940568475452
0 0.41291182170542634 0.5074289405684754 0.003633720930232558 0.003875968992248062
0 0.41339631782945735 0.5017764857881137 0.0055717054263565895 0.006782945736434108
0 0.45530523255813954 0.5108204134366925 0.006540697674418605 0.0029069767441860465
0 0.5425145348837209 0.5069444444444444 0.0026647286821705426 0.0035529715762273903
