0 0.28125 0.5759803921568627 0.00428921568627451 0.01715686274509804
0 0.3382352941176471 0.5582107843137255 0.006127450980392157 0.02246732026143791
0 0.45205269607843135 0.46425653594771243 0.009497549019607842 0.04370915032679738
0 0.37699142156862747 0.5580065359477124 0.018688725490196078 0.02287581699346405
0 0.8362438725490197 0.5390114379084967 0.07077205882352941 0.056781045751633986
0 0.40349264705882354 0.20159313725490197 0.02267156862745098 0.10334967320261437
0 0.23314950980392157 0.4042075163398693 0.07107843137254902 0.09027777777777778
0 0.23651960784313725 0.6000816993464052 0.007352941176470588 0.028594771241830064
0 0.2349877450980392 0.47263071895424835 0.06801470588235294 0.03022875816993464
0 0.3818933823529412 0.6029411764705882 0.002144607843137255 0.00980392156862745
0 0.40456495098039214 0.5287990196078431 0.005208333333333333 0.02900326797385621
