0 0.3053002450980392 0.6032135076252724 0.02542892156862745 0.04302832244008715
0 0.6116727941176471 0.7366557734204793 0.010723039215686275 0.021241830065359478
0 0.7584252450980392 0.7619825708061002 0.010723039215686275 0.0196078431372549
0 0.6096813725490197 0.7636165577342048 0.010416666666666666 0.0196078431372549
0 0.8831188725490197 0.8033769063180828 0.011948529411764705 0.018518518518518517
0 0.31035539215686275 0.7214052287581699 0.012867647058823529 0.01906318082788671
0 0.15732230392156862 0.7037037037037037 0.013786764705882353 0.020697167755991286
0 0.16084558823529413 0.6759259259259259 0.013480392156862746 0.02178649237472767
0 0.8832720588235294 0.7791394335511983 0.010416666666666666 0.017973856209150325
0 0.9627757352941176 0.9057734204793029 0.027879901960784315 0.07080610021786492
0 0.7578125 0.7883986928104575 0.01133578431372549 0.020152505446623094
0 0.45526960784313725 0.738562091503268 0.011642156862745098 0.0196078431372549
0 0.31326593137254904 0.6941721132897604 0.012561274509803922 0.022331154684095862
0 0.4575674019607843 0.7113289760348583 0.01133578431372549 0.020697167755991286
0 0.2184436274509804 0.5939542483660131 0.026348039215686275 0.04302832244008715
0 0.30575980392156865 0.8338779956427015 0.032475490196078434 0.030501089324618737
0 0.7276348039215687 0.900871459694989 0.016544117647058824 0.03376906318082789
0 0.7579656862745098 0.7796840958605664 0.020833333333333332 0.06372549019607843
0 0.29733455882352944 0.5013616557734205 0.030943627450980393 0.05065359477124183
0 0.8834252450980392 0.7960239651416122 0.021139705882352942 0.06263616557734204
0 0.31142769607843135 0.7126906318082789 0.0272671568627451 0.06481481481481481
0 0.45618872549019607 0.7295751633986928 0.02389705882352941 0.06481481481481481
0 0.15870098039215685 0.6949891067538126 0.029411764705882353 0.06753812636165578
0 0.8158700980392157 0.9014161220043573 0.025122549019607844 0.03159041394335512
0 0.22043504901960784 0.8118191721132898 0.006433823529411764 0.011437908496732025
0 0.25995710784313725 0.599400871459695 0.15533088235294118 0.07461873638344227
0 0.46568627450980393 0.8532135076252724 0.030637254901960783 0.03104575163398693
0 0.6106004901960784 0.7543572984749455 0.02267156862745098 0.06535947712418301
0 0.7054227941176471 0.8981481481481481 0.016237745098039217 0.03376906318082789
0 0.6594669117647058 0.8956971677559913 0.016237745098039217 0.03431372549019608
0 0.12162990196078431 0.8137254901960784 0.03370098039215686 0.03376906318082789
0 0.6821384803921569 0.8981481481481481 0.01685049019607843 0.03594771241830065
0 0.9545036764705882 0.920751633986928 0.022365196078431373 0.029956427015250545
