0 0.2604166666666667 0.6186683006535948 0.014705882352941176 0.015931372549019607
0 0.25995710784313725 0.6068218954248366 0.016237745098039217 0.006944444444444444
0 0.3193933823529412 0.6256127450980392 0.008884803921568627 0.014297385620915032
0 0.36243872549019607 0.6241830065359477 0.004901960784313725 0.007352941176470588
0 0.26087622549019607 0.6315359477124183 0.015625 0.008169934640522876
0 0.34543504901960786 0.6247957516339869 0.006433823529411764 0.010212418300653595
0 0.41207107843137253 0.6217320261437909 0.003676470588235294 0.004901960784313725
0 0.39016544117647056 0.6239787581699346 0.0027573529411764708 0.006127450980392157
0 0.37745098039215685 0.6241830065359477 0.003676470588235294 0.005718954248366013
0 0.4013480392156863 0.6233660130718954 0.003676470588235294 0.004901960784313725
0 0.43183210784313725 0.6188725490196079 0.002144607843137255 0.004084967320261438
0 0.49923406862745096 0.6129493464052288 0.021139705882352942 0.017565359477124183
