0 0.7808159722222222 0.6552372685185185 0.025607638888888888 0.03211805555555555
0 0.023003472222222224 0.6378761574074074 0.024305555555555556 0.033854166666666664
0 0.74609375 0.6681134259259259 0.009114583333333334 0.026041666666666668
0 0.2710503472222222 0.68359375 0.011284722222222222 0.015335648148148149
0 0.6353081597222222 0.6825810185185185 0.014105902777777778 0.02025462962962963
0 0.7709418402777778 0.6853298611111112 0.006293402777777778 0.01765046296296296
0 0.5451388888888888 0.6763599537037037 0.005208333333333333 0.006076388888888889
0 0.5399305555555556 0.6762152777777778 0.004774305555555556 0.00636574074074074
0 0.4459635416666667 0.7051504629629629 0.009114583333333334 0.01273148148148148
0 0.5349392361111112 0.6762152777777778 0.004340277777777778 0.006944444444444444
