0 0.65625 0.13859953703703703 0.21223958333333334 0.15625
0 0.5920138888888888 0.1440972222222222 0.052083333333333336 0.07233796296296297
0 0.7845052083333334 0.5953414351851852 0.029079861111111112 0.019386574074074073
0 0.8162977430555556 0.6307870370370371 0.006727430555555556 0.008680555555555556
0 0.81640625 0.6436631944444444 0.006510416666666667 0.014178240740740741
0 0.8233506944444444 0.66015625 0.013454861111111112 0.025752314814814815
0 0.7993706597222222 0.49074074074074076 0.020182291666666668 0.008680555555555556
0 0.9055989583333334 0.4422743055555556 0.054253472222222224 0.07378472222222222
0 0.9076605902777778 0.5337094907407407 0.056640625 0.11140046296296297
0 0.7899305555555556 0.5606192129629629 0.017795138888888888 0.014756944444444444
