0 0.8451286764705882 0.25919117647058826 0.16023284313725492 0.05106209150326797
0 0.6507352941176471 0.1909722222222222 0.19607843137254902 0.08292483660130719
0 0.40548406862745096 0.15196078431372548 0.22579656862745098 0.09477124183006536
0 0.41559436274509803 0.6325571895424836 0.004595588235294118 0.0028594771241830064
0 0.4111519607843137 0.6160130718954249 0.016544117647058824 0.0032679738562091504
0 0.39261642156862747 0.6111111111111112 0.018688725490196078 0.005718954248366013
0 0.3642769607843137 0.6098856209150327 0.0196078431372549 0.007352941176470588
0 0.4036458333333333 0.22446895424836602 0.2270220588235294 0.10416666666666667
0 0.4018075980392157 0.31719771241830064 0.23069852941176472 0.13031045751633988
0 0.6519607843137255 0.25612745098039214 0.19730392156862744 0.08169934640522876
0 0.6528799019607843 0.34068627450980393 0.19791666666666666 0.11437908496732026
0 0.8475796568627451 0.30126633986928103 0.16084558823529413 0.05841503267973856
0 0.8501838235294118 0.36499183006535946 0.1636029411764706 0.09027777777777778
0 0.41544117647058826 0.6354166666666666 0.004901960784313725 0.0028594771241830064
0 0.41574754901960786 0.639501633986928 0.0055147058823529415 0.0053104575163398695
0 0.3639705882352941 0.616421568627451 0.0196078431372549 0.008169934640522876
0 0.3636642156862745 0.6245915032679739 0.0196078431372549 0.010620915032679739
0 0.39246323529411764 0.6174428104575164 0.018995098039215685 0.006944444444444444
0 0.39231004901960786 0.6252042483660131 0.018075980392156864 0.009395424836601307
0 0.41099877450980393 0.6203022875816994 0.01685049019607843 0.004493464052287581
0 0.4106924019607843 0.6266339869281046 0.01685049019607843 0.008169934640522876
0 0.29181985294117646 0.6509395424836601 0.003982843137254902 0.006127450980392157
0 0.4065563725490196 0.6501225490196079 0.00428921568627451 0.004493464052287581
0 0.37545955882352944 0.14808006535947713 0.04381127450980392 0.05514705882352941
0 0.5957414215686274 0.18423202614379086 0.040747549019607844 0.056372549019607844
0 0.3860294117647059 0.6172385620915033 0.0030637254901960784 0.004901960784313725
0 0.5814950980392157 0.25020424836601307 0.03982843137254902 0.054330065359477125
0 0.3877144607843137 0.6111111111111112 0.0027573529411764708 0.0032679738562091504
0 0.36136642156862747 0.6092728758169934 0.003982843137254902 0.004493464052287581
