0 0.7512550200803213 0.28647925033467203 0.024096385542168676 0.030789825970548863
0 0.5990210843373494 0.29518072289156627 0.016817269076305222 0.022757697456492636
0 0.7005522088353414 0.28279785809906294 0.015060240963855422 0.02744310575635877
0 0.5919929718875502 0.2571954484605087 0.022339357429718876 0.010374832663989291
0 0.6120732931726908 0.33433734939759036 0.00928714859437751 0.012717536813922356
0 0.7006777108433735 0.2792838018741633 0.012299196787148595 0.01639892904953146
0 0.5906124497991968 0.2643908969210174 0.053714859437751006 0.03547523427041499
0 0.6115712851405622 0.34454484605087016 0.008283132530120483 0.008366800535475234
0 0.4126506024096386 0.33768406961178044 0.0050200803212851405 0.012717536813922356
0 0.41315261044176704 0.35843373493975905 0.004518072289156626 0.008701472556894244
0 0.41214859437751006 0.34839357429718876 0.005522088353413655 0.008701472556894244
