0 0.19806985294117646 0.4805964052287582 0.06587009803921569 0.09272875816993464
0 0.4957107843137255 0.6609477124183006 0.004901960784313725 0.006535947712418301
0 0.8186274509803921 0.5557598039215687 0.07536764705882353 0.0494281045751634
0 0.5487132352941176 0.6670751633986928 0.004901960784313725 0.005718954248366013
0 0.5 0.6605392156862745 0.013480392156862746 0.007352941176470588
0 0.5530024509803921 0.6650326797385621 0.014093137254901961 0.008986928104575163
0 0.5499387254901961 0.6862745098039216 0.0024509803921568627 0.004084967320261438
0 0.46109068627450983 0.7003676470588235 0.011642156862745098 0.01511437908496732
0 0.5709252450980392 0.6940359477124183 0.0033700980392156864 0.004901960784313725
0 0.5582107843137255 0.6883169934640523 0.0030637254901960784 0.004084967320261438
0 0.5306372549019608 0.6656454248366013 0.007965686274509803 0.0053104575163398695
0 0.5102634803921569 0.6658496732026143 0.009497549019607842 0.005718954248366013
