0 0.537109375 0.9322916666666666 0.03125 0.041666666666666664
0 0.4951171875 0.9251302083333334 0.029296875 0.04296875
0 0.45458984375 0.9153645833333334 0.0283203125 0.0390625
0 0.41650390625 0.9088541666666666 0.0283203125 0.0390625
0 0.37939453125 0.9016927083333334 0.0263671875 0.037760416666666664
0 0.34033203125 0.841796875 0.0263671875 0.037760416666666664
0 0.3759765625 0.8470052083333334 0.02734375 0.040364583333333336
0 0.3427734375 0.8951822916666666 0.025390625 0.037760416666666664
0 0.453125 0.859375 0.03125 0.046875
0 0.49462890625 0.8665364583333334 0.0322265625 0.048177083333333336
0 0.5361328125 0.873046875 0.029296875 0.048177083333333336
0 0.41455078125 0.853515625 0.0302734375 0.045572916666666664
