0 0.10232843137254902 0.6830065359477124 0.011029411764705883 0.013071895424836602
0 0.014246323529411764 0.670547385620915 0.005821078431372549 0.0053104575163398695
0 0.021292892156862746 0.6507352941176471 0.007659313725490196 0.00980392156862745
0 0.3527879901960784 0.6452205882352942 0.05974264705882353 0.06740196078431372
0 0.19439338235294118 0.6636029411764706 0.011948529411764705 0.013480392156862746
0 0.1557904411764706 0.6605392156862745 0.007659313725490196 0.006535947712418301
0 0.3587622549019608 0.6233660130718954 0.007352941176470588 0.008986928104575163
0 0.012867647058823529 0.6783088235294118 0.004901960784313725 0.00857843137254902
0 0.1017156862745098 0.698937908496732 0.00980392156862745 0.017973856209150325
0 0.3284313725490196 0.6691176470588235 0.0055147058823529415 0.008169934640522876
0 0.08103553921568628 0.6613562091503268 0.005208333333333333 0.006535947712418301
0 0.3313419117647059 0.6488970588235294 0.0070465686274509805 0.010212418300653595
0 0.3541666666666667 0.6047794117647058 0.00980392156862745 0.026552287581699346
