0 0.010912698412698412 0.18204365079365079 0.021825396825396824 0.05324074074074074
0 0.8115079365079365 0.3219246031746032 0.018353174603174604 0.05654761904761905
0 0.2690972222222222 0.35912698412698413 0.008928571428571428 0.011904761904761904
0 0.8127480158730159 0.26322751322751325 0.017857142857142856 0.06944444444444445
0 0.8122519841269841 0.3568121693121693 0.01636904761904762 0.02513227513227513
0 0.01103670634920635 0.22106481481481483 0.0220734126984127 0.023478835978835978
0 0.24702380952380953 0.3290343915343915 0.010416666666666666 0.004629629629629629
0 0.25223214285714285 0.3559854497354497 0.008928571428571428 0.0036375661375661374
0 0.5114087301587301 0.4097222222222222 0.003968253968253968 0.0033068783068783067
0 0.5182291666666666 0.4125330687830688 0.009176587301587302 0.004298941798941799
0 0.25186011904761907 0.3449074074074074 0.025049603174603176 0.04034391534391534
0 0.6455853174603174 0.41550925925925924 0.003968253968253968 0.008928571428571428
0 0.8133680555555556 0.41633597883597884 0.01066468253968254 0.03042328042328042
