0 0.5588121118012422 0.46892265193370164 0.004270186335403727 0.008977900552486187
0 0.4878687888198758 0.5357389502762431 0.014169254658385094 0.05766574585635359
0 0.4552600931677019 0.5481698895027625 0.012228260869565218 0.06871546961325967
0 0.26620729813664595 0.6034185082872928 0.019215838509316772 0.09979281767955801
0 0.734763198757764 0.5711325966850829 0.03241459627329193 0.16505524861878454
0 0.6315023291925466 0.4261049723756906 0.011451863354037268 0.018646408839779006
0 0.6072399068322981 0.46029005524861877 0.006793478260869565 0.006215469613259668
0 0.5340644409937888 0.49965469613259667 0.003299689440993789 0.019337016574585635
0 0.593458850931677 0.46080801104972374 0.0029114906832298135 0.005870165745856353
0 0.6075310559006211 0.4663328729281768 0.004658385093167702 0.0051795580110497235
0 0.6867236024844721 0.356353591160221 0.050854037267080744 0.07665745856353591
0 0.703998447204969 0.3090469613259669 0.059782608695652176 0.06906077348066299
0 0.8187111801242236 0.10825276243093923 0.14091614906832298 0.21581491712707182
0 0.6069487577639752 0.4513121546961326 0.005434782608695652 0.009668508287292817
0 0.7051630434782609 0.22617403314917128 0.07763975155279502 0.12638121546961326
0 0.6323757763975155 0.44181629834254144 0.011645962732919254 0.011395027624309393
0 0.47107919254658387 0.5414364640883977 0.013975155279503106 0.06284530386740332
