0 0.4331597222222222 0.5560515873015873 0.04935515873015873 0.06646825396825397
0 0.7049851190476191 0.615244708994709 0.010168650793650794 0.00958994708994709
0 0.6960565476190477 0.6159060846560847 0.003224206349206349 0.004298941798941799
0 0.6783234126984127 0.6205357142857143 0.003968253968253968 0.005621693121693121
0 0.6309523809523809 0.591765873015873 0.03670634920634921 0.022817460317460316
0 0.7038690476190477 0.5868055555555556 0.011904761904761904 0.007605820105820105
0 0.6691468253968254 0.6122685185185185 0.004464285714285714 0.005621693121693121
0 0.560515873015873 0.6109457671957672 0.003968253968253968 0.005621693121693121
0 0.6459573412698413 0.5790343915343915 0.005704365079365079 0.007936507936507936
0 0.6693948412698413 0.6056547619047619 0.005456349206349206 0.006283068783068783
0 0.47953869047619047 0.6040013227513228 0.007192460317460317 0.008928571428571428
0 0.5749007936507936 0.5965608465608465 0.009424603174603174 0.013227513227513227
0 0.6374007936507936 0.5709325396825397 0.006448412698412698 0.008267195767195767
0 0.6168154761904762 0.6016865079365079 0.006448412698412698 0.008267195767195767
0 0.5749007936507936 0.5825066137566137 0.011904761904761904 0.01488095238095238
0 0.43005952380952384 0.6283068783068783 0.03273809523809524 0.06547619047619048
0 0.5314980158730159 0.6056547619047619 0.005952380952380952 0.007605820105820105
0 0.33779761904761907 0.5515873015873016 0.00744047619047619 0.00992063492063492
0 0.6371527777777778 0.576223544973545 0.030753968253968252 0.02546296296296296
0 0.7039930555555556 0.5747354497354498 0.01066468253968254 0.013888888888888888
0 0.6460813492063492 0.6192129629629629 0.00496031746031746 0.008267195767195767
0 0.6829117063492064 0.6200396825396826 0.003720238095238095 0.005291005291005291
