0 0.5587797619047619 0.4525462962962963 0.04265873015873016 0.05787037037037037
0 0.7426835317460317 0.5198412698412699 0.007688492063492063 0.005291005291005291
0 0.5282738095238095 0.5021494708994709 0.004464285714285714 0.007605820105820105
0 0.5279017857142857 0.4808201058201058 0.005208333333333333 0.007275132275132275
0 0.5515873015873016 0.4793320105820106 0.005952380952380952 0.008928571428571428
0 0.6628224206349206 0.4738756613756614 0.006696428571428571 0.009259259259259259
0 0.2560763888888889 0.48313492063492064 0.016121031746031748 0.022486772486772486
0 0.5758928571428571 0.4783399470899471 0.00496031746031746 0.006283068783068783
0 0.6391369047619048 0.4748677248677249 0.006944444444444444 0.008597883597883597
0 0.746155753968254 0.5016534391534392 0.009672619047619048 0.007936507936507936
0 0.06907242063492064 0.4976851851851852 0.019593253968253968 0.023809523809523808
0 0.5985863095238095 0.47767857142857145 0.005704365079365079 0.006944444444444444
0 0.6515376984126984 0.4755291005291005 0.005456349206349206 0.007936507936507936
0 0.45324900793650796 0.48148148148148145 0.016617063492063492 0.025793650793650792
0 0.5018601190476191 0.46726190476190477 0.019593253968253968 0.031746031746031744
0 0.18998015873015872 0.492228835978836 0.017361111111111112 0.02414021164021164
0 0.6225198412698413 0.47668650793650796 0.005456349206349206 0.006944444444444444
0 0.7715773809523809 0.4363425925925926 0.019345238095238096 0.030753968253968252
0 0.1328125 0.4923941798941799 0.017609126984126984 0.022486772486772486
0 0.31919642857142855 0.48826058201058203 0.01636904761904762 0.023478835978835978
0 0.38851686507936506 0.4794973544973545 0.01711309523809524 0.02513227513227513
0 0.4835069444444444 0.49189814814814814 0.021577380952380952 0.036044973544973546
0 0.746031746031746 0.48974867724867727 0.010416666666666666 0.013888888888888888
0 0.6712549603174603 0.5006613756613757 0.005208333333333333 0.009259259259259259
0 0.6963045634920635 0.5003306878306878 0.003720238095238095 0.009259259259259259
