0 0.5465686274509803 0.40032679738562094 0.037377450980392156 0.03349673202614379
0 0.30223651960784315 0.5044934640522876 0.019301470588235295 0.0032679738562091504
0 0.5367647058823529 0.5330882352941176 0.007352941176470588 0.006535947712418301
0 0.594515931372549 0.48508986928104575 0.040747549019607844 0.028186274509803922
0 0.5874693627450981 0.5051062091503268 0.01011029411764706 0.024101307189542485
0 0.6116727941176471 0.4820261437908497 0.013174019607843137 0.017973856209150325
0 0.15211397058823528 0.4803921568627451 0.011948529411764705 0.012254901960784314
0 0.15885416666666666 0.4987745098039216 0.003982843137254902 0.006535947712418301
0 0.15548406862745098 0.5077614379084967 0.01133578431372549 0.011437908496732025
0 0.08057598039215687 0.5155228758169934 0.006127450980392157 0.008169934640522876
0 0.633578431372549 0.5061274509803921 0.014705882352941176 0.010620915032679739
0 0.5877757352941176 0.5 0.008272058823529412 0.010620915032679739
