0 0.5619283536585366 0.48551829268292684 0.0064786585365853655 0.009146341463414634
0 0.5626905487804879 0.4947916666666667 0.004954268292682927 0.006859756097560976
0 0.5541158536585366 0.4958079268292683 0.006859756097560976 0.009400406504065041
0 0.5554496951219512 0.5158790650406504 0.0038109756097560975 0.004319105691056911
0 0.5549733231707317 0.5036839430894309 0.0078125 0.005843495934959349
0 0.5548780487804879 0.510035569105691 0.004954268292682927 0.006859756097560976
0 0.47560975609756095 0.5026676829268293 0.005335365853658537 0.0038109756097560975
0 0.47494283536585363 0.49809451219512196 0.005144817073170732 0.0063516260162601625
0 0.47541920731707316 0.4919969512195122 0.010289634146341464 0.005335365853658537
0 0.49066310975609756 0.5029217479674797 0.01486280487804878 0.005335365853658537
