0 0.03064437984496124 0.750484496124031 0.02640503875968992 0.03197674418604651
0 0.7290455426356589 0.539405684754522 0.013808139534883721 0.012919896640826873
0 0.8786337209302325 0.49499354005167956 0.04941860465116279 0.05781653746770026
0 0.9915213178294574 0.5122739018087855 0.016472868217054265 0.020025839793281652
0 0.25872093023255816 0.5067829457364341 0.012596899224806201 0.028423772609819122
0 0.7321947674418605 0.5180878552971576 0.021075581395348836 0.027131782945736434
0 0.26671511627906974 0.5020994832041343 0.007751937984496124 0.028746770025839793
0 0.6960998062015504 0.5410206718346253 0.004118217054263566 0.00516795865633075
0 0.9903100775193798 0.4617248062015504 0.01744186046511628 0.020348837209302327
0 0.44137596899224807 0.6175710594315246 0.006298449612403101 0.004521963824289405
0 0.2596899224806202 0.5264857881136951 0.011143410852713179 0.009689922480620155
0 0.2596899224806202 0.5371447028423773 0.008236434108527133 0.009689922480620155
0 0.9905523255813954 0.4166666666666667 0.018410852713178296 0.02131782945736434
0 0.9903100775193798 0.4405684754521964 0.0188953488372093 0.020025839793281652
0 0.4417393410852713 0.6125645994832042 0.0055717054263565895 0.006782945736434108
0 0.40564437984496127 0.5098514211886305 0.013323643410852713 0.04425064599483204
0 0.9904312015503876 0.4865956072351421 0.01623062015503876 0.01776485788113695
0 0.029796511627906978 0.7727713178294574 0.031492248062015504 0.016472868217054265
0 0.26526162790697677 0.5218023255813954 0.006298449612403101 0.011304909560723515
0 0.42962693798449614 0.47367571059431524 0.01187015503875969 0.005490956072351421
0 0.9142441860465116 0.47044573643410853 0.01695736434108527 0.011950904392764857
