0 0.5177884615384616 0.6405448717948717 0.020192307692307693 0.03621794871794872
0 0.8022836538461539 0.6963141025641025 0.01706730769230769 0.010576923076923078
0 0.6155048076923076 0.6652243589743589 0.006009615384615385 0.014423076923076924
0 0.3799278846153846 0.6028846153846154 0.03293269230769231 0.06153846153846154
0 0.8234375 0.7067307692307693 0.0026442307692307694 0.007692307692307693
0 0.6100961538461539 0.6636217948717948 0.005288461538461539 0.015064102564102564
0 0.6707932692307692 0.6780448717948718 0.003605769230769231 0.011217948717948718
0 0.6742788461538461 0.6778846153846154 0.0028846153846153848 0.010256410256410256
0 0.8782451923076923 0.7251602564102564 0.008894230769230769 0.008012820512820512
0 0.6528846153846154 0.6826923076923077 0.007692307692307693 0.016025641025641024
0 0.6046875 0.9955128205128205 0.005528846153846154 0.007692307692307693
0 0.4358173076923077 0.7121794871794872 0.03413461538461538 0.05448717948717949
0 0.6754807692307693 0.7203525641025641 0.010096153846153847 0.016346153846153847
0 0.38125 0.5935897435897436 0.022596153846153846 0.03141025641025641
0 0.8038461538461539 0.7267628205128205 0.008173076923076924 0.0125
0 0.877764423076923 0.7136217948717949 0.011778846153846154 0.014423076923076924
0 0.5966346153846154 0.7189102564102564 0.007211538461538462 0.026923076923076925
0 0.6894230769230769 0.5152243589743589 0.04423076923076923 0.023397435897435898
0 0.9844951923076923 0.721474358974359 0.012740384615384615 0.008333333333333333
