0 0.4068700396825397 0.3386243386243386 0.028025793650793652 0.047619047619047616
0 0.9530009920634921 0.30357142857142855 0.021577380952380952 0.017857142857142856
0 0.9518849206349206 0.2830687830687831 0.019345238095238096 0.01917989417989418
0 0.9083581349206349 0.29480820105820105 0.020089285714285716 0.01951058201058201
0 0.9520089285714286 0.26421957671957674 0.02058531746031746 0.021825396825396824
0 0.9069940476190477 0.26455026455026454 0.020833333333333332 0.01455026455026455
0 0.9536210317460317 0.3151455026455027 0.020833333333333332 0.007275132275132275
0 0.9084821428571429 0.3083664021164021 0.022321428571428572 0.01025132275132275
0 0.2183779761904762 0.37533068783068785 0.012648809523809524 0.01917989417989418
0 0.1484375 0.3933531746031746 0.011160714285714286 0.018849206349206348
0 0.14732142857142858 0.3816137566137566 0.009424603174603174 0.006613756613756613
0 0.8358134920634921 0.2508267195767196 0.030753968253968252 0.0419973544973545
0 0.35751488095238093 0.3627645502645503 0.043402777777777776 0.07142857142857142
0 0.8193204365079365 0.15823412698412698 0.044890873015873016 0.03141534391534392
0 0.8292410714285714 0.27959656084656087 0.03249007936507937 0.054563492063492064
0 0.21589781746031747 0.3601190476190476 0.011656746031746032 0.008597883597883597
0 0.908234126984127 0.2789351851851852 0.022817460317460316 0.017526455026455025
