0 0.568375 0.889 0.02225 0.028
0 0.570625 0.9135 0.02125 0.027
0 0.753625 0.7526666666666667 0.04725 0.04066666666666666
0 0.7385 0.7063333333333334 0.058 0.06466666666666666
0 0.376625 0.9408333333333333 0.01075 0.015
0 0.7725 0.8036666666666666 0.1015 0.104
0 0.23675 0.9133333333333333 0.009 0.010666666666666666
0 0.418 0.9576666666666667 0.004 0.007333333333333333
0 0.435625 0.9586666666666667 0.00275 0.005333333333333333
0 0.374875 0.9521666666666667 0.00925 0.007666666666666666
0 0.444625 0.9543333333333334 0.00425 0.008
