0 0.7748161764705882 0.6129493464052288 0.010416666666666666 0.012663398692810458
0 0.8687193627450981 0.6343954248366013 0.01011029411764706 0.008986928104575163
0 0.8844975490196079 0.6401143790849673 0.016544117647058824 0.008169934640522876
0 0.5876225490196079 0.6672794117647058 0.00980392156862745 0.01838235294117647
0 0.5863970588235294 0.647671568627451 0.011642156862745098 0.01919934640522876
0 0.4918811274509804 0.7009803921568627 0.0033700980392156864 0.004901960784313725
0 0.48544730392156865 0.6921977124183006 0.003982843137254902 0.00857843137254902
0 0.6142769607843137 0.7438725490196079 0.025122549019607844 0.03431372549019608
0 0.5114889705882353 0.6703431372549019 0.030330882352941176 0.025326797385620915
0 0.33900122549019607 0.7087418300653595 0.005821078431372549 0.006535947712418301
0 0.6989889705882353 0.6611519607843137 0.01685049019607843 0.01919934640522876
0 0.8926164215686274 0.7087418300653595 0.022365196078431373 0.028594771241830064
0 0.33869485294117646 0.7011846405228758 0.005821078431372549 0.006944444444444444
0 0.5177696078431373 0.6697303921568627 0.011642156862745098 0.016748366013071895
