0 0.67724609375 0.5706380208333334 0.0126953125 0.018880208333333332
0 0.0732421875 0.5426432291666666 0.0234375 0.033203125
0 0.312255859375 0.5182291666666666 0.01025390625 0.01171875
0 0.87060546875 0.6009114583333334 0.0126953125 0.01953125
0 0.65185546875 0.4443359375 0.1005859375 0.115234375
0 0.66259765625 0.4641927083333333 0.021484375 0.03125
0 0.36279296875 0.5179036458333334 0.0107421875 0.012369791666666666
0 0.272705078125 0.576171875 0.00732421875 0.009114583333333334
0 0.25732421875 0.5983072916666666 0.0068359375 0.009114583333333334
0 0.645751953125 0.4075520833333333 0.04052734375 0.018229166666666668
0 0.15869140625 0.5563151041666666 0.0068359375 0.024088541666666668
0 0.43212890625 0.5804036458333334 0.0048828125 0.012369791666666666
0 0.181640625 0.5804036458333334 0.029296875 0.011067708333333334
