0 0.35714285714285715 0.7619047619047619 0.008432539682539682 0.012566137566137565
0 0.9401041666666666 0.736441798941799 0.01066468253968254 0.027777777777777776
0 0.39360119047619047 0.720734126984127 0.010416666666666666 0.014219576719576719
0 0.39285714285714285 0.7399140211640212 0.01488095238095238 0.02017195767195767
0 0.3630952380952381 0.5826719576719577 0.023809523809523808 0.03373015873015873
0 0.9377480158730159 0.7123015873015873 0.010416666666666666 0.023809523809523808
0 0.5378224206349206 0.7146164021164021 0.009176587301587302 0.01521164021164021
0 0.5388144841269841 0.7299933862433863 0.00818452380952381 0.01488095238095238
0 0.5481150793650794 0.7496693121693122 0.003968253968253968 0.007936507936507936
0 0.9114583333333334 0.6868386243386243 0.017857142857142856 0.007275132275132275
0 0.3634672619047619 0.6011904761904762 0.025049603174603176 0.03373015873015873
0 0.5240575396825397 0.7503306878306878 0.003472222222222222 0.006613756613756613
0 0.8988095238095238 0.7098214285714286 0.015873015873015872 0.006944444444444444
