0 0.2700674019607843 0.5104166666666666 0.07751225490196079 0.053513071895424834
0 0.6430759803921569 0.5659722222222222 0.003676470588235294 0.017565359477124183
0 0.702359068627451 0.5604575163398693 0.02420343137254902 0.027777777777777776
0 0.6099877450980392 0.5798611111111112 0.014705882352941176 0.01919934640522876
0 0.3659620098039216 0.5835375816993464 0.0070465686274509805 0.013480392156862746
0 0.3684129901960784 0.5716911764705882 0.008884803921568627 0.012663398692810458
0 0.3799019607843137 0.5959967320261438 0.00857843137254902 0.011437908496732025
0 0.3802083333333333 0.5845588235294118 0.009191176470588236 0.00980392156862745
0 0.4253982843137255 0.5929330065359477 0.008272058823529412 0.009395424836601307
0 0.4255514705882353 0.5829248366013072 0.007352941176470588 0.00980392156862745
0 0.4143688725490196 0.5827205882352942 0.015012254901960785 0.020016339869281044
0 0.3711703431372549 0.5620915032679739 0.024816176470588234 0.028594771241830064
0 0.7029718137254902 0.5314542483660131 0.02297794117647059 0.03022875816993464
0 0.3716299019607843 0.5320669934640523 0.024509803921568627 0.03227124183006536
0 0.09558823529411764 0.1977124183006536 0.19117647058823528 0.3954248366013072
0 0.5859375 0.5915032679738562 0.007659313725490196 0.00980392156862745
0 0.4255514705882353 0.5714869281045751 0.009191176470588236 0.00980392156862745
