0 0.79825 0.45766666666666667 0.0295 0.04066666666666666
0 0.568875 0.5035 0.01525 0.019666666666666666
0 0.421 0.48133333333333334 0.019 0.024666666666666667
0 0.639375 0.49616666666666664 0.01825 0.025666666666666667
0 0.422 0.4553333333333333 0.021 0.02666666666666667
0 0.517 0.5121666666666667 0.0075 0.009
0 0.46025 0.5148333333333334 0.0055 0.007666666666666666
0 0.45725 0.5241666666666667 0.0055 0.007
0 0.51625 0.5206666666666667 0.005 0.008
0 0.641 0.4776666666666667 0.0265 0.01
0 0.79575 0.495 0.028 0.038
0 0.405875 0.4881666666666667 0.01725 0.018333333333333333
0 0.694375 0.5336666666666666 0.00375 0.005333333333333333
0 0.448625 0.5138333333333334 0.00325 0.006333333333333333
0 0.493375 0.5176666666666667 0.00275 0.005333333333333333
0 0.37125 0.5076666666666667 0.003 0.004
