0 0.6662760416666667 0.6219907407407408 0.008072916666666667 0.01898148148148148
0 0.7509114583333333 0.5798611111111112 0.01328125 0.0125
0 0.751953125 0.6155092592592593 0.012239583333333333 0.015277777777777777
0 0.7513020833333334 0.5967592592592592 0.016666666666666666 0.022222222222222223
0 0.7682291666666666 0.5962962962962963 0.014583333333333334 0.024074074074074074
0 0.7686197916666667 0.6150462962962963 0.012760416666666666 0.016203703703703703
0 0.6471354166666666 0.6175925925925926 0.0125 0.009259259259259259
0 0.62109375 0.6266203703703703 0.0026041666666666665 0.00787037037037037
0 0.6239583333333333 0.6261574074074074 0.0020833333333333333 0.008796296296296297
0 0.6186197916666667 0.6268518518518519 0.0018229166666666667 0.006481481481481481
0 0.7516927083333333 0.6319444444444444 0.008072916666666667 0.018518518518518517
