0 0.486875 0.6405 0.00625 0.008333333333333333
0 0.6145 0.65 0.0065 0.01
0 0.449125 0.6343333333333333 0.00675 0.008666666666666666
0 0.548125 0.639 0.00625 0.007333333333333333
0 0.524375 0.6361666666666667 0.00975 0.006333333333333333
0 0.486125 0.6538333333333334 0.00675 0.009
0 0.548125 0.646 0.00375 0.004666666666666667
0 0.50625 0.6356666666666667 0.0065 0.006666666666666667
0 0.48675 0.6473333333333333 0.0045 0.004
0 0.504625 0.6486666666666666 0.00275 0.004
0 0.500625 0.6483333333333333 0.00425 0.002
0 0.477 0.6456666666666667 0.0155 0.014
0 0.5145 0.6351666666666667 0.01 0.007666666666666666
