0 0.4885110294117647 0.40631808278867104 0.0070465686274509805 0.014161220043572984
0 0.5935968137254902 0.397875816993464 0.02297794117647059 0.021241830065359478
0 0.6946997549019608 0.420479302832244 0.02297794117647059 0.04139433551198257
0 0.6107536764705882 0.40413943355119825 0.012561274509803922 0.023965141612200435
0 0.6269914215686274 0.3989651416122004 0.003982843137254902 0.007080610021786492
0 0.6603860294117647 0.39814814814814814 0.002144607843137255 0.0054466230936819175
0 0.6308210784313726 0.39923747276688454 0.013480392156862746 0.015250544662309368
0 0.5211397058823529 0.3967864923747277 0.0024509803921568627 0.007080610021786492
0 0.5027573529411765 0.39950980392156865 0.0030637254901960784 0.007080610021786492
0 0.49387254901960786 0.40223311546840956 0.003676470588235294 0.008169934640522876
0 0.47824754901960786 0.4207516339869281 0.013480392156862746 0.023420479302832243
0 0.39996936274509803 0.5416666666666666 0.05177696078431373 0.09095860566448802
0 0.6067708333333334 0.39733115468409586 0.002144607843137255 0.004901960784313725
