0 0.27369791666666665 0.46296296296296297 0.011979166666666667 0.020370370370370372
0 0.42916666666666664 0.45416666666666666 0.010416666666666666 0.019444444444444445
0 0.5807291666666666 0.44583333333333336 0.028125 0.05092592592592592
0 0.58125 0.4828703703703704 0.019791666666666666 0.019444444444444445
0 0.3502604166666667 0.4666666666666667 0.0067708333333333336 0.014814814814814815
0 0.35052083333333334 0.48564814814814816 0.00625 0.012037037037037037
0 0.27317708333333335 0.4824074074074074 0.0067708333333333336 0.005555555555555556
0 0.42890625 0.47314814814814815 0.005729166666666666 0.005555555555555556
0 0.23203125 0.4726851851851852 0.0109375 0.006481481481481481
0 0.44895833333333335 0.4532407407407407 0.010416666666666666 0.006481481481481481
0 0.22421875 0.4925925925925926 0.0046875 0.022222222222222223
