0 0.6739831349206349 0.6555886243386243 0.014632936507936508 0.018849206349206348
0 0.34375 0.623181216931217 0.00992063492063492 0.012235449735449735
0 0.5122767857142857 0.6273148148148148 0.01066468253968254 0.013227513227513227
0 0.38678075396825395 0.6565806878306878 0.006200396825396825 0.007605820105820105
0 0.5715525793650794 0.6686507936507936 0.004216269841269841 0.006613756613756613
0 0.8653273809523809 0.5833333333333334 0.012896825396825396 0.023148148148148147
0 0.34337797619047616 0.6413690476190477 0.013640873015873016 0.02414021164021164
0 0.5238095238095238 0.6726190476190477 0.010416666666666666 0.02513227513227513
0 0.3740079365079365 0.6541005291005291 0.003968253968253968 0.005952380952380952
0 0.5124007936507936 0.6478174603174603 0.013392857142857142 0.028439153439153438
