0 0.5302734375 0.4357638888888889 0.008463541666666666 0.015046296296296295
0 0.6931966145833334 0.4117476851851852 0.0126953125 0.014467592592592593
0 0.5302734375 0.4152199074074074 0.013020833333333334 0.023726851851851853
0 0.7802734375 0.46469907407407407 0.07421875 0.06597222222222222
0 0.6995442708333334 0.4678819444444444 0.013020833333333334 0.014467592592592593
0 0.6863606770833334 0.45341435185185186 0.0126953125 0.014467592592592593
0 0.6931966145833334 0.43258101851851855 0.0126953125 0.027199074074074073
0 0.6940104166666666 0.36689814814814814 0.013020833333333334 0.013888888888888888
0 0.3444010416666667 0.41435185185185186 0.0032552083333333335 0.006944444444444444
0 0.3697916666666667 0.4146412037037037 0.0032552083333333335 0.007523148148148148
0 0.6863606770833334 0.4675925925925926 0.0126953125 0.013888888888888888
0 0.693359375 0.3883101851851852 0.013020833333333334 0.027777777777777776
0 0.3977864583333333 0.41811342592592593 0.0026041666666666665 0.007523148148148148
0 0.3243815104166667 0.4129050925925926 0.0035807291666666665 0.007523148148148148
0 0.69921875 0.45341435185185186 0.013020833333333334 0.014467592592592593
