0 0.6325061274509803 0.7502042483660131 0.01133578431372549 0.013480392156862746
0 0.5908394607843137 0.7510212418300654 0.008884803921568627 0.00857843137254902
0 0.5563725490196079 0.7326388888888888 0.004901960784313725 0.00857843137254902
0 0.5660232843137255 0.7600081699346405 0.006433823529411764 0.002042483660130719
0 0.6122855392156863 0.710171568627451 0.008884803921568627 0.016748366013071895
0 0.5968137254901961 0.7097630718954249 0.00980392156862745 0.01919934640522876
0 0.5707720588235294 0.710171568627451 0.02389705882352941 0.003676470588235294
0 0.13112745098039216 0.6791258169934641 0.028799019607843136 0.042075163398692814
0 0.6493566176470589 0.7426470588235294 0.012561274509803922 0.008169934640522876
0 0.5410539215686274 0.7477532679738562 0.0030637254901960784 0.006127450980392157
