0 0.8397836538461538 0.5427884615384615 0.013221153846153846 0.020833333333333332
0 0.637860576923077 0.31474358974358974 0.08100961538461539 0.12179487179487179
0 0.8795673076923077 0.5666666666666667 0.014903846153846155 0.01987179487179487
0 0.8801682692307692 0.5431089743589743 0.013221153846153846 0.020192307692307693
0 0.8582932692307692 0.5666666666666667 0.013701923076923077 0.01987179487179487
0 0.8383413461538461 0.566025641025641 0.014182692307692308 0.019230769230769232
0 0.07872596153846154 0.3104166666666667 0.08197115384615385 0.08493589743589744
0 0.8984375 0.5661858974358974 0.01514423076923077 0.01826923076923077
0 0.8645432692307692 0.47275641025641024 0.014182692307692308 0.021153846153846155
0 0.8498798076923076 0.47275641025641024 0.013221153846153846 0.022435897435897436
0 0.859375 0.5427884615384615 0.0125 0.020833333333333332
0 0.8793269230769231 0.4735576923076923 0.013942307692307693 0.020833333333333332
0 0.8782451923076923 0.49727564102564104 0.013701923076923077 0.022756410256410255
0 0.8334134615384615 0.4951923076923077 0.012980769230769231 0.021153846153846155
0 0.9068509615384616 0.4985576923076923 0.011298076923076923 0.022115384615384617
0 0.8925480769230769 0.49775641025641026 0.0125 0.022435897435897436
0 0.8633413461538462 0.4969551282051282 0.013221153846153846 0.021474358974358974
0 0.8628605769230769 0.5195512820512821 0.012740384615384615 0.023717948717948717
0 0.8774038461538461 0.5198717948717949 0.0125 0.021153846153846155
