0 0.4652777777777778 0.3915289256198347 0.033950617283950615 0.047520661157024795
0 0.43132716049382713 0.3881714876033058 0.033950617283950615 0.04597107438016529
0 0.31886574074074076 0.5268595041322314 0.008873456790123456 0.010330578512396695
0 0.3755787037037037 0.4997417355371901 0.013503086419753086 0.018078512396694214
0 0.375 0.5880681818181818 0.012345679012345678 0.016012396694214875
0 0.4012345679012346 0.537448347107438 0.011574074074074073 0.02324380165289256
0 0.37635030864197533 0.5134297520661157 0.03587962962962963 0.026859504132231406
0 0.3751929012345679 0.5139462809917356 0.019675925925925927 0.05268595041322314
0 0.43132716049382713 0.41787190082644626 0.03009259259259259 0.012396694214876033
0 0.5459104938271605 0.56224173553719 0.004629629629629629 0.019111570247933883
0 0.5462962962962963 0.5792871900826446 0.005401234567901234 0.00878099173553719
0 0.3751929012345679 0.5710227272727273 0.011188271604938271 0.017045454545454544
0 0.3618827160493827 0.5297004132231405 0.032407407407407406 0.021177685950413222
