0 0.656004828002414 0.8145454545454546 0.006638503319251659 0.009696969696969697
0 0.6519312009656005 0.8284848484848485 0.003922751961375981 0.0052525252525252525
0 0.7507543753771877 0.7975757575757576 0.01931200965600483 0.02101010101010101
0 0.7107724803862402 0.8076767676767677 0.005733252866626433 0.0056565656565656566
0 0.7665962582981292 0.8105050505050505 0.0051297525648762825 0.00808080808080808
0 0.6898008449004225 0.824040404040404 0.003621001810500905 0.006060606060606061
0 0.6652082076041038 0.817979797979798 0.0033192516596258297 0.006868686868686869
0 0.7106216053108027 0.7991919191919192 0.00724200362100181 0.009696969696969697
0 0.7068497284248643 0.7828282828282829 0.006940253470126735 0.0044444444444444444
0 0.7070006035003018 0.7898989898989899 0.00724200362100181 0.009696969696969697
0 0.7103198551599276 0.7771717171717172 0.005431502715751358 0.0044444444444444444
0 0.7103198551599276 0.7701010101010101 0.007845503922751962 0.009696969696969697
0 0.7140917320458661 0.7894949494949495 0.006940253470126735 0.00808080808080808
