0 0.08348651960784313 0.4758986928104575 0.01685049019607843 0.02369281045751634
0 0.5661764705882353 0.5520833333333334 0.08762254901960784 0.11968954248366014
0 0.5657169117647058 0.42810457516339867 0.08670343137254902 0.11519607843137254
0 0.7683823529411765 0.5349264705882353 0.04350490196078431 0.013480392156862746
0 0.7519914215686274 0.4818218954248366 0.06464460784313726 0.053513071895424834
0 0.08302696078431372 0.5 0.015318627450980392 0.013888888888888888
0 0.8059129901960784 0.5136846405228758 0.0070465686274509805 0.010212418300653595
0 0.47931985294117646 0.46711601307189543 0.020526960784313725 0.024918300653594773
0 0.5966605392156863 0.4897875816993464 0.014399509803921568 0.016339869281045753
0 0.006280637254901961 0.4679330065359477 0.012561274509803922 0.03553921568627451
