0 0.5986328125 0.6236979166666666 0.01953125 0.020833333333333332
0 0.1220703125 0.5944010416666666 0.0078125 0.009114583333333334
0 0.131103515625 0.6031901041666666 0.00732421875 0.011067708333333334
0 0.13037109375 0.6116536458333334 0.0068359375 0.008463541666666666
0 0.02294921875 0.6328125 0.0146484375 0.005208333333333333
0 0.02978515625 0.6282552083333334 0.0068359375 0.006510416666666667
0 0.536865234375 0.6373697916666666 0.01025390625 0.014322916666666666
0 0.6435546875 0.6126302083333334 0.025390625 0.015625
0 0.714599609375 0.5458984375 0.02685546875 0.033203125
0 0.015625 0.6087239583333334 0.015625 0.024739583333333332
0 0.98876953125 0.6100260416666666 0.0107421875 0.026041666666666668
0 0.56787109375 0.5963541666666666 0.0107421875 0.014322916666666666
0 0.121826171875 0.6028645833333334 0.00830078125 0.006510416666666667
0 0.1220703125 0.6106770833333334 0.0078125 0.0078125
