0 0.2290581597222222 0.6993634259259259 0.018012152777777776 0.022569444444444444
0 0.022894965277777776 0.6830150462962963 0.016276041666666668 0.021122685185185185
0 0.3512369791666667 0.6731770833333334 0.011067708333333334 0.016493055555555556
0 0.0537109375 0.6773726851851852 0.013237847222222222 0.02199074074074074
0 0.11827256944444445 0.72265625 0.006510416666666667 0.01244212962962963
0 0.6762152777777778 0.6009837962962963 0.01171875 0.015046296296296295
0 0.6800130208333334 0.6451099537037037 0.011067708333333334 0.013599537037037037
0 0.9631076388888888 0.5613425925925926 0.015625 0.019675925925925927
0 0.6776258680555556 0.6186342592592593 0.012369791666666666 0.013888888888888888
0 0.6793619791666666 0.6325231481481481 0.012369791666666666 0.015625
0 0.8797743055555556 0.5598958333333334 0.013020833333333334 0.017939814814814815
0 0.8614366319444444 0.5486111111111112 0.04014756944444445 0.017939814814814815
0 0.2535807291666667 0.5512152777777778 0.037109375 0.04918981481481482
0 0.3490668402777778 0.6448206018518519 0.006293402777777778 0.01244212962962963
0 0.2182074652777778 0.7009548611111112 0.005859375 0.014756944444444444
0 0.2173394097222222 0.7206307870370371 0.004557291666666667 0.024016203703703703
0 0.1183810763888889 0.7365451388888888 0.005859375 0.018229166666666668
