0 0.23694779116465864 0.4564926372155288 0.013052208835341365 0.01740294511378849
0 0.4908383534136546 0.482429718875502 0.00928714859437751 0.012382864792503346
0 0.6056726907630522 0.4757362784471218 0.017570281124497992 0.02710843373493976
0 0.47013052208835343 0.4899598393574297 0.0035140562248995983 0.004685408299866131
0 0.4831827309236948 0.4842704149933066 0.007028112449799197 0.0107095046854083
0 0.49661144578313254 0.42704149933065594 0.022339357429718876 0.011378848728246318
0 0.37751004016064255 0.49899598393574296 0.007530120481927711 0.010040160642570281
0 0.3767570281124498 0.4750669344042838 0.007530120481927711 0.013052208835341365
0 0.6057981927710844 0.45197456492637217 0.013805220883534136 0.018406961178045515
0 0.5958835341365462 0.4521419009370817 0.009538152610441768 0.028781793842034806
0 0.37751004016064255 0.4223560910307898 0.009538152610441768 0.015394912985274432
0 0.48017068273092367 0.4879518072289157 0.004518072289156626 0.00535475234270415
0 0.48004518072289154 0.48460508701472554 0.00426706827309237 0.002677376171352075
0 0.6409387550200804 0.47305890227576974 0.005271084337349397 0.020414993306559572
0 0.5960090361445783 0.4703815261044177 0.009789156626506024 0.008366800535475234
0 0.5074046184738956 0.48493975903614456 0.004769076305220884 0.006024096385542169
