0 0.7686887254901961 0.7792075163398693 0.01715686274509804 0.024101307189542485
0 0.4543504901960784 0.7765522875816994 0.014093137254901961 0.018790849673202614
0 0.40487132352941174 0.5230800653594772 0.057904411764705885 0.028186274509803922
0 0.46246936274509803 0.7902369281045751 0.0352328431372549 0.06658496732026144
0 0.5606617647058824 0.528390522875817 0.05759803921568627 0.027369281045751634
0 0.7208946078431373 0.5330882352941176 0.058823529411764705 0.027777777777777776
0 0.08746936274509803 0.5128676470588235 0.05667892156862745 0.027369281045751634
0 0.24892769607843138 0.5181781045751634 0.05606617647058824 0.027369281045751634
0 0.649203431372549 0.7818627450980392 0.013480392156862746 0.017973856209150325
0 0.6753982843137255 0.7967728758169934 0.04197303921568627 0.0755718954248366
0 0.6548713235294118 0.795547385620915 0.030943627450980393 0.06740196078431372
0 0.2630208333333333 0.7865604575163399 0.04197303921568627 0.06740196078431372
0 0.7529105392156863 0.6674836601307189 0.02971813725490196 0.056372549019607844
0 0.6214767156862745 0.6609477124183006 0.030943627450980393 0.05392156862745098
0 0.49203431372549017 0.65625 0.028799019607843136 0.054330065359477125
0 0.3955269607843137 0.7201797385620915 0.015931372549019607 0.021241830065359478
0 0.23820465686274508 0.6466503267973857 0.027879901960784315 0.05392156862745098
0 0.36473651960784315 0.6507352941176471 0.02849264705882353 0.05310457516339869
0 0.06204044117647059 0.7790032679738562 0.03952205882352941 0.07761437908496732
0 0.015165441176470588 0.7600081699346405 0.016237745098039217 0.02246732026143791
0 0.08379289215686274 0.7761437908496732 0.021139705882352942 0.049019607843137254
0 0.48636642156862747 0.4485294117647059 0.19332107843137256 0.049019607843137254
0 0.9073223039215687 0.8625408496732027 0.057291666666666664 0.04370915032679738
0 0.2189031862745098 0.7365196078431373 0.016237745098039217 0.0661764705882353
