0 0.459765625 0.5395833333333333 0.03671875 0.06527777777777778
0 0.51875 0.34444444444444444 0.05 0.041666666666666664
0 0.5921875 0.34375 0.0515625 0.0375
0 0.28828125 0.34375 0.0484375 0.034722222222222224
0 0.336328125 0.3423611111111111 0.04765625 0.0375
0 0.341015625 0.34791666666666665 0.00859375 0.018055555555555554
0 0.353125 0.34791666666666665 0.009375 0.015277777777777777
0 0.321484375 0.3451388888888889 0.01328125 0.02361111111111111
0 0.2734375 0.34652777777777777 0.0125 0.02361111111111111
0 0.292578125 0.34930555555555554 0.01015625 0.015277777777777777
0 0.3046875 0.3486111111111111 0.009375 0.016666666666666666
