0 0.8078125 0.34050925925925923 0.04114583333333333 0.02824074074074074
0 0.28098958333333335 0.46041666666666664 0.051041666666666666 0.027314814814814816
0 0.8001302083333334 0.32199074074074074 0.009114583333333334 0.020833333333333332
0 0.73203125 0.3460648148148148 0.020833333333333332 0.034722222222222224
0 0.7313802083333333 0.3840277777777778 0.027864583333333335 0.0412037037037037
0 0.7298177083333334 0.41180555555555554 0.015885416666666666 0.0125
0 0.2794270833333333 0.39837962962962964 0.0234375 0.018055555555555554
0 0.2791666666666667 0.35833333333333334 0.040625 0.06111111111111111
0 0.448828125 0.40162037037037035 0.007552083333333333 0.010648148148148148
0 0.5092447916666667 0.4081018518518518 0.00546875 0.0125
0 0.5561197916666667 0.3925925925925926 0.005989583333333334 0.006481481481481481
0 0.556640625 0.4050925925925926 0.00703125 0.017592592592592594
0 0.556640625 0.41689814814814813 0.0033854166666666668 0.0060185185185185185
0 0.448828125 0.40949074074074077 0.00859375 0.004166666666666667
