0 0.35271317829457366 0.1771640826873385 0.09738372093023256 0.1695736434108527
0 0.4435562015503876 0.438953488372093 0.005329457364341085 0.0071059431524547806
0 0.6906492248062015 0.3194444444444444 0.061046511627906974 0.08979328165374677
0 0.4496124031007752 0.42958656330749356 0.005813953488372093 0.008397932816537468
0 0.5540213178294574 0.4344315245478036 0.08575581395348837 0.03617571059431524
0 0.046027131782945735 0.1789405684754522 0.09205426356589147 0.17506459948320413
0 0.6914970930232558 0.21963824289405684 0.09423449612403101 0.11498708010335917
0 0.5519622093023255 0.40568475452196384 0.07824612403100775 0.03229974160206718
0 0.1900436046511628 0.1731266149870801 0.12669573643410853 0.17506459948320413
0 0.37742248062015504 0.4710917312661499 0.005813953488372093 0.007428940568475452
0 0.548812984496124 0.3273578811369509 0.07921511627906977 0.13145994832041344
0 0.4500968992248062 0.45251937984496127 0.013565891472868217 0.00904392764857881
0 0.46075581395348836 0.4284560723514212 0.005813953488372093 0.006782945736434108
0 0.4568798449612403 0.42926356589147285 0.037306201550387594 0.029069767441860465
