0 0.643359375 0.45260416666666664 0.02421875 0.017708333333333333
0 0.8140625 0.33932291666666664 0.115625 0.03802083333333333
0 0.5373046875 0.48046875 0.005078125 0.0078125
0 0.6423828125 0.4317708333333333 0.026171875 0.03125
0 0.561328125 0.49505208333333334 0.0078125 0.0046875
0 0.4162109375 0.4348958333333333 0.041796875 0.028125
0 0.4861328125 0.4348958333333333 0.041796875 0.027083333333333334
0 0.5607421875 0.48802083333333335 0.007421875 0.009375
0 0.838671875 0.3385416666666667 0.01640625 0.020833333333333332
0 0.4150390625 0.48046875 0.005078125 0.0078125
0 0.5443359375 0.43463541666666666 0.033203125 0.028645833333333332
