0 0.5364583333333334 0.6309912854030502 0.011642156862745098 0.01906318082788671
0 0.5450367647058824 0.6018518518518519 0.012867647058823529 0.02287581699346405
0 0.5447303921568627 0.5661764705882353 0.013480392156862746 0.023420479302832243
0 0.23789828431372548 0.6489651416122004 0.008272058823529412 0.01579520697167756
0 0.5568321078431373 0.6462418300653595 0.005208333333333333 0.009259259259259259
0 0.9549632352941176 0.19444444444444445 0.07230392156862746 0.10784313725490197
0 0.6222426470588235 0.3946078431372549 0.0392156862745098 0.06263616557734204
0 0.4039522058823529 0.6432461873638344 0.012561274509803922 0.010893246187363835
0 0.9252450980392157 0.29112200435729846 0.1488970588235294 0.3611111111111111
0 0.585171568627451 0.6489651416122004 0.003676470588235294 0.008169934640522876
0 0.5660232843137255 0.6342592592592593 0.008884803921568627 0.013616557734204794
0 0.5726102941176471 0.6454248366013072 0.0024509803921568627 0.0054466230936819175
0 0.5952818627450981 0.6122004357298475 0.009191176470588236 0.006535947712418301
0 0.5569852941176471 0.6361655773420479 0.004901960784313725 0.007625272331154684
0 0.5153186274509803 0.6612200435729847 0.0030637254901960784 0.006535947712418301
