0 0.5189144736842105 0.5292397660818714 0.006578947368421052 0.011695906432748537
0 0.8087993421052632 0.5116959064327485 0.031524122807017545 0.039473684210526314
0 0.36499451754385964 0.52046783625731 0.010142543859649123 0.013888888888888888
0 0.5422149122807017 0.49817251461988304 0.003837719298245614 0.005847953216374269
0 0.3215460526315789 0.5211988304093568 0.005482456140350877 0.00804093567251462
0 0.5350877192982456 0.54203216374269 0.005482456140350877 0.0043859649122807015
0 0.20339912280701755 0.4767909356725146 0.025219298245614034 0.025950292397660817
0 0.21175986842105263 0.48135964912280704 0.005756578947368421 0.011695906432748537
0 0.6221217105263158 0.5317982456140351 0.00356359649122807 0.007309941520467836
0 0.5354989035087719 0.48501461988304095 0.014528508771929825 0.01023391812865497
0 0.8048245614035088 0.5721856725146199 0.05043859649122807 0.025219298245614034
0 0.5363212719298246 0.4959795321637427 0.01781798245614035 0.011695906432748537
0 0.5354989035087719 0.5071271929824561 0.017269736842105265 0.009868421052631578
