0 0.36917892156862747 0.5373774509803921 0.013480392156862746 0.016748366013071895
0 0.20006127450980393 0.571078431372549 0.009191176470588236 0.011437908496732025
0 0.02389705882352941 0.5723039215686274 0.009191176470588236 0.014705882352941176
0 0.7719056372549019 0.5089869281045751 0.016237745098039217 0.018790849673202614
0 0.7509191176470589 0.4679330065359477 0.02022058823529412 0.020016339869281044
0 0.7693014705882353 0.46425653594771243 0.0196078431372549 0.020833333333333332
0 0.7503063725490197 0.4540441176470588 0.016544117647058824 0.012663398692810458
0 0.7662377450980392 0.4499591503267974 0.016544117647058824 0.01184640522875817
0 0.7745098039215687 0.5247140522875817 0.014705882352941176 0.014297385620915032
0 0.7694546568627451 0.48161764705882354 0.015012254901960785 0.014705882352941176
0 0.7541360294117647 0.4957107843137255 0.015625 0.01184640522875817
0 0.7579656862745098 0.5273692810457516 0.014705882352941176 0.013888888888888888
0 0.7708333333333334 0.4936683006535948 0.015318627450980392 0.01184640522875817
0 0.7535232843137255 0.4838643790849673 0.015012254901960785 0.014297385620915032
0 0.7552083333333334 0.5116421568627451 0.016544117647058824 0.01919934640522876
0 0.5847120098039216 0.5543300653594772 0.008272058823529412 0.008986928104575163
0 0.5765931372549019 0.5553513071895425 0.009191176470588236 0.010212418300653595
0 0.5842524509803921 0.5467728758169934 0.006740196078431373 0.006127450980392157
0 0.5776654411764706 0.5469771241830066 0.005821078431372549 0.006535947712418301
0 0.5589767156862745 0.5390114379084967 0.005821078431372549 0.007761437908496732
0 0.5588235294117647 0.5463643790849673 0.0055147058823529415 0.0053104575163398695
0 0.5592830882352942 0.5571895424836601 0.005208333333333333 0.007352941176470588
0 0.5526960784313726 0.5388071895424836 0.006740196078431373 0.008986928104575163
0 0.5526960784313726 0.5565767973856209 0.006127450980392157 0.007761437908496732
0 0.5520833333333334 0.5459558823529411 0.0055147058823529415 0.006127450980392157
0 0.5556066176470589 0.5629084967320261 0.005208333333333333 0.004901960784313725
0 0.00505514705882353 0.5598447712418301 0.01011029411764706 0.020833333333333332
