0 0.622802734375 0.4375 0.01416015625 0.020833333333333332
0 0.572021484375 0.5319010416666666 0.01513671875 0.022135416666666668
0 0.572265625 0.5068359375 0.015625 0.018880208333333332
0 0.57177734375 0.4827473958333333 0.0166015625 0.021484375
0 0.59716796875 0.4602864583333333 0.0673828125 0.024739583333333332
0 0.605712890625 0.5074869791666666 0.05126953125 0.021484375
0 0.60546875 0.4840494791666667 0.05078125 0.022786458333333332
0 0.608642578125 0.5553385416666666 0.05224609375 0.022135416666666668
0 0.58984375 0.4365234375 0.052734375 0.021484375
0 0.392822265625 0.6959635416666666 0.01416015625 0.018229166666666668
0 0.6064453125 0.5322265625 0.052734375 0.021484375
0 0.57373046875 0.5550130208333334 0.0166015625 0.021484375
