0 0.22257965686274508 0.47344771241830064 0.04258578431372549 0.05392156862745098
0 0.9566482843137255 0.45383986928104575 0.043198529411764705 0.05473856209150327
0 0.22166053921568626 0.48447712418300654 0.06403186274509803 0.09558823529411764
0 0.21951593137254902 0.5900735294117647 0.057291666666666664 0.11723856209150327
0 0.21997549019607843 0.5725081699346405 0.034926470588235295 0.04779411764705882
0 0.08762254901960784 0.5649509803921569 0.052083333333333336 0.15604575163398693
0 0.9583333333333334 0.46691176470588236 0.0661764705882353 0.09722222222222222
0 0.9551164215686274 0.5825163398692811 0.057904411764705885 0.119281045751634
0 0.20741421568627452 0.516952614379085 0.01715686274509804 0.02165032679738562
0 0.9469975490196079 0.4987745098039216 0.017769607843137254 0.022058823529411766
0 0.9549632352941176 0.5647467320261438 0.037377450980392156 0.05106209150326797
