0 0.5512152777777778 0.7602513227513228 0.005704365079365079 0.008597883597883597
0 0.45324900793650796 0.7936507936507936 0.011160714285714286 0.01521164021164021
0 0.7764136904761905 0.8083664021164021 0.004216269841269841 0.013558201058201057
0 0.5575396825396826 0.7290013227513228 0.030753968253968252 0.03935185185185185
0 0.5564236111111112 0.7680224867724867 0.036458333333333336 0.04662698412698413
0 0.45287698412698413 0.8037367724867724 0.011408730158730158 0.005621693121693121
0 0.5550595238095238 0.8052248677248677 0.028273809523809524 0.03042328042328042
0 0.43278769841269843 0.796792328042328 0.006448412698412698 0.004298941798941799
0 0.7765376984126984 0.7825727513227513 0.006448412698412698 0.026785714285714284
0 0.43700396825396826 0.8080357142857143 0.00744047619047619 0.008267195767195767
0 0.7766617063492064 0.8091931216931217 0.006696428571428571 0.026455026455026454
