0 0.5022977941176471 0.6219362745098039 0.04932598039215686 0.06985294117647059
0 0.6095281862745098 0.45588235294117646 0.16758578431372548 0.19444444444444445
0 0.6403186274509803 0.6958741830065359 0.009191176470588236 0.012663398692810458
0 0.5738357843137255 0.6844362745098039 0.0196078431372549 0.03308823529411765
0 0.40318627450980393 0.5183823529411765 0.028799019607843136 0.02696078431372549
0 0.7025122549019608 0.7479575163398693 0.004901960784313725 0.00980392156862745
0 0.39261642156862747 0.5533088235294118 0.018075980392156864 0.05759803921568627
0 0.5984987745098039 0.44056372549019607 0.010723039215686275 0.01511437908496732
0 0.6194852941176471 0.5026552287581699 0.011029411764705883 0.014297385620915032
0 0.40732230392156865 0.5545343137254902 0.018075980392156864 0.051879084967320264
0 0.5439644607843137 0.5247140522875817 0.013786764705882353 0.01838235294117647
0 0.8376225490196079 0.7602124183006536 0.009191176470588236 0.004084967320261438
