0 0.41253063725490197 0.769812091503268 0.017463235294117647 0.03880718954248366
0 0.15502450980392157 0.7583741830065359 0.02267156862745098 0.042075163398692814
0 0.6464460784313726 0.7710375816993464 0.014093137254901961 0.03145424836601307
0 0.6749387254901961 0.8886846405228758 0.0428921568627451 0.05106209150326797
0 0.3478860294117647 0.7595996732026143 0.022365196078431373 0.037173202614379085
0 0.03722426470588235 0.7428513071895425 0.016237745098039217 0.009395424836601307
0 0.10248161764705882 0.7843137254901961 0.006433823529411764 0.004901960784313725
0 0.8843443627450981 0.8629493464052288 0.029105392156862746 0.04044117647058824
0 0.0470281862745098 0.7712418300653595 0.004595588235294118 0.006535947712418301
0 0.06694240196078431 0.758578431372549 0.022365196078431373 0.006535947712418301
