0 0.5409526209677419 0.49428763440860213 0.05267137096774194 0.01478494623655914
0 0.28049395161290325 0.5013440860215054 0.004032258064516129 0.005376344086021506
0 0.9125504032258065 0.40776209677419356 0.06502016129032258 0.1273521505376344
0 0.43888608870967744 0.503864247311828 0.0073084677419354835 0.009744623655913979
0 0.528351814516129 0.47698252688172044 0.02746975806451613 0.018481182795698926
0 0.6052167338709677 0.5006720430107527 0.0022681451612903227 0.00739247311827957
0 0.43850806451612906 0.5131048387096774 0.004032258064516129 0.009408602150537635
0 0.23399697580645162 0.49243951612903225 0.003780241935483871 0.003696236559139785
0 0.4296875 0.5003360215053764 0.004032258064516129 0.004032258064516129
0 0.23815524193548387 0.5 0.010584677419354838 0.004704301075268817
