0 0.7394301470588235 0.40441176470588236 0.022365196078431373 0.029411764705882353
0 0.6401654411764706 0.44893790849673204 0.014399509803921568 0.018790849673202614
0 0.766390931372549 0.5181781045751634 0.009497549019607842 0.012663398692810458
0 0.7518382352941176 0.4950980392156863 0.007352941176470588 0.011437908496732025
0 0.7398897058823529 0.44669117647058826 0.024509803921568627 0.017565359477124183
0 0.5314031862745098 0.49693627450980393 0.004595588235294118 0.0053104575163398695
0 0.7395833333333334 0.42892156862745096 0.02389705882352941 0.01715686274509804
0 0.5719975490196079 0.4959150326797386 0.0055147058823529415 0.007352941176470588
0 0.7516850490196079 0.5061274509803921 0.0070465686274509805 0.006535947712418301
0 0.750765931372549 0.5308415032679739 0.005208333333333333 0.020833333333333332
0 0.5989583333333334 0.4930555555555556 0.006127450980392157 0.008986928104575163
0 0.7403492647058824 0.48508986928104575 0.008884803921568627 0.014297385620915032
0 0.7398897058823529 0.4646650326797386 0.02389705882352941 0.017565359477124183
0 0.7959558823529411 0.5161356209150327 0.006740196078431373 0.014297385620915032
