0 0.5519748263888888 0.4475403535741737 0.028862847222222224 0.048039969254419675
0 0.7037760416666666 0.19062259800153727 0.17578125 0.23750960799385087
0 0.2669270833333333 0.26421983089930823 0.03689236111111111 0.0749423520368947
0 0.5462239583333334 0.6883166794773251 0.010416666666666666 0.011529592621060722
0 0.8402777777777778 0.6612221368178325 0.010416666666666666 0.06879323597232898
0 0.4735243055555556 0.1848578016910069 0.032552083333333336 0.03689469638739431
0 0.3629557291666667 0.1977325134511914 0.1677517361111111 0.24788624135280554
0 0.537109375 0.17621060722521137 0.1840277777777778 0.21406610299769407
0 0.5428602430555556 0.7029208301306688 0.004557291666666667 0.004611837048424289
0 0.3065321180555556 0.21790930053804766 0.028428819444444444 0.03766333589546503
0 0.4412977430555556 0.462336664104535 0.03797743055555555 0.026133743274404306
0 0.5310329861111112 0.6890853189853958 0.009982638888888888 0.010760953112990008
