0 0.13033234126984128 0.5882936507936508 0.04092261904761905 0.05423280423280423
0 0.4269593253968254 0.685681216931217 0.005704365079365079 0.00496031746031746
0 0.3933531746031746 0.6479828042328042 0.005456349206349206 0.00496031746031746
0 0.5300099206349206 0.6734457671957672 0.005456349206349206 0.010912698412698412
0 0.3689236111111111 0.6822089947089947 0.005208333333333333 0.005952380952380952
0 0.2156498015873016 0.6537698412698413 0.006696428571428571 0.012566137566137565
0 0.47532242063492064 0.6803902116402116 0.006200396825396825 0.002976190476190476
0 0.21651785714285715 0.6436838624338624 0.008928571428571428 0.006944444444444444
0 0.28410218253968256 0.6866732804232805 0.006696428571428571 0.005621693121693121
0 0.21589781746031747 0.6628637566137566 0.007192460317460317 0.005621693121693121
0 0.06944444444444445 0.732308201058201 0.031746031746031744 0.0744047619047619
0 0.21676587301587302 0.6357473544973545 0.008928571428571428 0.007605820105820105
0 0.1687748015873016 0.6688161375661376 0.008680555555555556 0.008267195767195767
0 0.46750992063492064 0.6782407407407407 0.004464285714285714 0.008597883597883597
0 0.365203373015873 0.6547619047619048 0.009672619047619048 0.006613756613756613
0 0.3220486111111111 0.6694775132275133 0.015128968253968254 0.00958994708994709
0 0.39880952380952384 0.6537698412698413 0.008928571428571428 0.004629629629629629
0 0.5017361111111112 0.6658399470899471 0.00992063492063492 0.013558201058201057
0 0.6904761904761905 0.6469907407407407 0.021825396825396824 0.01488095238095238
0 0.12872023809523808 0.6364087301587301 0.026785714285714284 0.016865079365079364
0 0.6016865079365079 0.625 0.03373015873015873 0.02513227513227513
0 0.3343253968253968 0.6481481481481481 0.006944444444444444 0.005291005291005291
0 0.07006448412698413 0.7088293650793651 0.011656746031746032 0.02017195767195767
0 0.6897321428571429 0.6033399470899471 0.034722222222222224 0.04794973544973545
0 0.6530257936507936 0.6575727513227513 0.009424603174603174 0.008267195767195767
0 0.652405753968254 0.6483134920634921 0.009672619047619048 0.00958994708994709
