0 0.8390625 0.44166666666666665 0.0140625 0.022222222222222223
0 0.36796875 0.4777777777777778 0.0140625 0.025
0 0.25 0.4618055555555556 0.01875 0.02638888888888889
0 0.36640625 0.4527777777777778 0.0171875 0.025
0 0.075390625 0.5180555555555556 0.01328125 0.019444444444444445
0 0.703515625 0.4847222222222222 0.01015625 0.008333333333333333
0 0.703515625 0.46805555555555556 0.01015625 0.022222222222222223
0 0.82734375 0.45694444444444443 0.0125 0.019444444444444445
0 0.8515625 0.43333333333333335 0.0109375 0.019444444444444445
0 0.8390625 0.4638888888888889 0.0109375 0.019444444444444445
0 0.74609375 0.49375 0.0046875 0.009722222222222222
0 0.879296875 0.2847222222222222 0.10390625 0.125
0 0.907421875 0.28055555555555556 0.03203125 0.05
0 0.655078125 0.46875 0.01171875 0.020833333333333332
0 0.2515625 0.4888888888888889 0.0171875 0.027777777777777776
0 0.612109375 0.47847222222222224 0.01015625 0.018055555555555554
0 0.9265625 0.4076388888888889 0.015625 0.02638888888888889
0 0.873046875 0.28194444444444444 0.03359375 0.05
0 0.808984375 0.3298611111111111 0.03515625 0.05416666666666667
0 0.40859375 0.4722222222222222 0.0125 0.022222222222222223
0 0.076953125 0.5375 0.01171875 0.019444444444444445
0 0.578125 0.4652777777777778 0.0125 0.022222222222222223
0 0.580859375 0.53125 0.01171875 0.029166666666666667
