0 0.5619959677419355 0.7162298387096774 0.0045362903225806455 0.006384408602150538
0 0.5630040322580645 0.7301747311827957 0.003528225806451613 0.0114247311827957
0 0.6925403225806451 0.6376008064516129 0.039818548387096774 0.030577956989247312
0 0.6931703629032258 0.6599462365591398 0.0390625 0.015456989247311828
0 0.55078125 0.7239583333333334 0.004284274193548387 0.013776881720430107
0 0.4681199596774194 0.728494623655914 0.003276209677419355 0.004704301075268817
0 0.5725806451612904 0.7184139784946236 0.003528225806451613 0.005376344086021506
0 0.6120211693548387 0.7130376344086021 0.003276209677419355 0.005376344086021506
0 0.4174647177419355 0.6626344086021505 0.008316532258064516 0.0114247311827957
0 0.39087701612903225 0.7160618279569892 0.008064516129032258 0.006048387096774193
0 0.4547631048387097 0.663138440860215 0.008316532258064516 0.011088709677419355
0 0.6121471774193549 0.7200940860215054 0.0025201612903225806 0.008736559139784945
0 0.63671875 0.6804435483870968 0.009828629032258064 0.012096774193548387
0 0.6370967741935484 0.6898521505376344 0.009072580645161291 0.006048387096774193
0 0.5788810483870968 0.6495295698924731 0.009072580645161291 0.012768817204301076
0 0.06060987903225806 0.7384072580645161 0.014364919354838709 0.017137096774193547
0 0.7179939516129032 0.525369623655914 0.052923387096774195 0.06619623655913978
0 0.5385584677419355 0.6565860215053764 0.008568548387096774 0.012768817204301076
0 0.39087701612903225 0.6925403225806451 0.011088709677419355 0.015456989247311828
0 0.7118195564516129 0.46186155913978494 0.05216733870967742 0.06283602150537634
0 0.6348286290322581 0.664986559139785 0.011088709677419355 0.01478494623655914
0 0.5506552419354839 0.7142137096774194 0.004032258064516129 0.006384408602150538
0 0.3910030241935484 0.706989247311828 0.009324596774193549 0.012096774193548387
0 0.49609375 0.6612903225806451 0.008820564516129033 0.0114247311827957
0 0.5621219758064516 0.7216061827956989 0.004284274193548387 0.005040322580645161
