0 0.4480406746031746 0.4877645502645503 0.05381944444444445 0.04365079365079365
0 0.48821924603174605 0.5677910052910053 0.006200396825396825 0.007936507936507936
0 0.5536954365079365 0.49289021164021163 0.061755952380952384 0.05191798941798942
0 0.1015625 0.4019510582010582 0.03298611111111111 0.10681216931216932
0 0.43960813492063494 0.47701719576719576 0.010168650793650794 0.012896825396825396
0 0.4086061507936508 0.5658068783068783 0.006200396825396825 0.008597883597883597
0 0.6365327380952381 0.5653108465608465 0.01711309523809524 0.023478835978835978
0 0.49603174603174605 0.5813492063492064 0.003472222222222222 0.017857142857142856
0 0.408234126984127 0.5734126984126984 0.005456349206349206 0.005952380952380952
0 0.5947420634920635 0.566468253968254 0.005456349206349206 0.011904761904761904
0 0.4177827380952381 0.5844907407407407 0.003720238095238095 0.00496031746031746
0 0.04935515873015873 0.5524140211640212 0.004464285714285714 0.00496031746031746
0 0.5399305555555556 0.4801587301587302 0.011904761904761904 0.016534391534391533
0 0.5881696428571429 0.5836640211640212 0.003720238095238095 0.004629629629629629
0 0.48759920634920634 0.5757275132275133 0.004464285714285714 0.006613756613756613
