0 0.6331576305220884 0.5893574297188755 0.0077811244979919675 0.013386880856760375
0 0.606425702811245 0.5927041499330656 0.007530120481927711 0.013386880856760375
0 0.6730672690763052 0.5769745649263721 0.010291164658634538 0.01606425702811245
0 0.8381024096385542 0.5510374832663989 0.007028112449799197 0.009036144578313253
0 0.858433734939759 0.4569946452476573 0.041666666666666664 0.05254350736278447
0 0.49974899598393574 0.6012382864792504 0.006526104417670682 0.009705488621151271
0 0.6528614457831325 0.5818273092369478 0.00853413654618474 0.014390896921017403
0 0.8354668674698795 0.500334672021419 0.008283132530120483 0.0107095046854083
0 0.4713855421686747 0.6015729585006694 0.00853413654618474 0.012382864792503346
0 0.8530371485943775 0.3883868808567604 0.03639558232931727 0.018406961178045515
0 0.8599397590361446 0.4964859437751004 0.02108433734939759 0.024431057563587683
0 0.8369728915662651 0.5306224899598394 0.0077811244979919675 0.009705488621151271
0 0.3649598393574297 0.5893574297188755 0.013052208835341365 0.006693440428380187
0 0.33157630522088355 0.6198125836680054 0.0030120481927710845 0.006693440428380187
0 0.3301957831325301 0.6261713520749665 0.0027610441767068274 0.00535475234270415
0 0.6691767068273092 0.5649263721552878 0.005522088353413655 0.010040160642570281
0 0.3842871485943775 0.6119477911646586 0.005522088353413655 0.005689424364123159
0 0.835968875502008 0.5056894243641231 0.013805220883534136 0.023427041499330656
0 0.6690512048192772 0.5629183400267738 0.0037650602409638554 0.004016064257028112
0 0.6734437751004017 0.5619143239625167 0.0030120481927710845 0.006693440428380187
0 0.6733182730923695 0.5612449799196787 0.002259036144578313 0.004016064257028112
0 0.5524598393574297 0.5965528781793842 0.006526104417670682 0.007697456492637216
0 0.5514558232931727 0.5798192771084337 0.0035140562248995983 0.005689424364123159
0 0.554718875502008 0.588520749665328 0.0030120481927710845 0.006358768406961178
