0 0.39921875 0.35833333333333334 0.0203125 0.03888888888888889
0 0.126171875 0.2902777777777778 0.11015625 0.03888888888888889
0 0.11875 0.34444444444444444 0.0546875 0.03611111111111111
0 0.399609375 0.39166666666666666 0.02109375 0.027777777777777776
0 0.501171875 0.3763888888888889 0.00703125 0.016666666666666666
0 0.578125 0.38472222222222224 0.00625 0.016666666666666666
0 0.435546875 0.36041666666666666 0.02734375 0.02638888888888889
0 0.151171875 0.32569444444444445 0.05078125 0.03194444444444444
0 0.180859375 0.3548611111111111 0.04765625 0.029166666666666667
0 0.151953125 0.35208333333333336 0.01328125 0.02361111111111111
