0 0.24356617647058823 0.5120506535947712 0.017769607843137254 0.023284313725490197
0 0.23100490196078433 0.5218545751633987 0.00857843137254902 0.012663398692810458
0 0.37025122549019607 0.4805964052287582 0.04442401960784314 0.03227124183006536
0 0.3723958333333333 0.45731209150326796 0.01685049019607843 0.015931372549019607
0 0.3723958333333333 0.43300653594771243 0.030330882352941176 0.032679738562091505
0 0.22089460784313725 0.5353349673202614 0.004901960784313725 0.012663398692810458
0 0.20189950980392157 0.5275735294117647 0.004901960784313725 0.0053104575163398695
0 0.16896446078431374 0.5353349673202614 0.006433823529411764 0.01184640522875817
0 0.23054534313725492 0.5324754901960784 0.003982843137254902 0.007761437908496732
0 0.3460477941176471 0.4846813725490196 0.008272058823529412 0.006127450980392157
0 0.20143995098039216 0.5320669934640523 0.002144607843137255 0.0028594771241830064
0 0.16835171568627452 0.525531045751634 0.0070465686274509805 0.006944444444444444
