0 0.639453125 0.5213541666666667 0.05390625 0.030208333333333334
0 0.384765625 0.6286458333333333 0.01015625 0.003125
0 0.28828125 0.6302083333333334 0.0125 0.019791666666666666
0 0.9142578125 0.57578125 0.040234375 0.0140625
0 0.2875 0.6604166666666667 0.0078125 0.025
0 0.577734375 0.6354166666666666 0.0078125 0.010416666666666666
0 0.91328125 0.5463541666666667 0.04140625 0.04895833333333333
0 0.5265625 0.6364583333333333 0.00546875 0.010416666666666666
0 0.1072265625 0.65 0.010546875 0.027083333333333334
0 0.1123046875 0.5908854166666667 0.012890625 0.0328125
0 0.0736328125 0.6473958333333333 0.008203125 0.029166666666666667
0 0.9154296875 0.5932291666666667 0.016015625 0.021875
0 0.5115234375 0.6354166666666666 0.008984375 0.004166666666666667
0 0.577734375 0.64375 0.00390625 0.00625
