0 0.7086397058823529 0.42830882352941174 0.026348039215686275 0.034722222222222224
0 0.08164828431372549 0.40441176470588236 0.008272058823529412 0.024509803921568627
0 0.048100490196078434 0.40093954248366015 0.02267156862745098 0.027369281045751634
0 0.5111825980392157 0.41830065359477125 0.014399509803921568 0.02042483660130719
0 0.703125 0.4597630718954248 0.017769607843137254 0.025735294117647058
0 0.5294117647058824 0.42177287581699346 0.0030637254901960784 0.013480392156862746
0 0.5298713235294118 0.4366830065359477 0.003982843137254902 0.013888888888888888
0 0.49724264705882354 0.43443627450980393 0.00428921568627451 0.009395424836601307
0 0.4811580882352941 0.4338235294117647 0.004595588235294118 0.005718954248366013
0 0.41207107843137253 0.42994281045751637 0.00428921568627451 0.006127450980392157
0 0.40579044117647056 0.42953431372549017 0.0070465686274509805 0.00857843137254902
