0 0.4175347222222222 0.3232473544973545 0.013640873015873016 0.018187830687830687
0 0.43266369047619047 0.34308862433862436 0.01314484126984127 0.017526455026455025
0 0.41716269841269843 0.3425925925925926 0.013392857142857142 0.018518518518518517
0 0.3375496031746032 0.32275132275132273 0.1076388888888889 0.07142857142857142
0 0.41728670634920634 0.3621031746031746 0.01314484126984127 0.017857142857142856
0 0.4252232142857143 0.3462301587301587 0.03249007936507937 0.07142857142857142
0 0.5121527777777778 0.3176256613756614 0.10714285714285714 0.0710978835978836
0 0.43179563492063494 0.32275132275132273 0.013392857142857142 0.017857142857142856
0 0.4243551587301587 0.3010912698412698 0.032242063492063495 0.01951058201058201
0 0.45262896825396826 0.4809854497354497 0.00992063492063492 0.013558201058201057
