0 0.49591346153846155 0.3868589743589744 0.020192307692307693 0.021794871794871794
0 0.7699519230769231 0.4855769230769231 0.01875 0.026282051282051282
0 0.42920673076923077 0.39278846153846153 0.020432692307692308 0.020192307692307693
0 0.5110576923076923 0.4267628205128205 0.006730769230769231 0.016346153846153847
0 0.56875 0.5309294871794872 0.015865384615384615 0.021474358974358974
0 0.5670673076923077 0.5073717948717948 0.020673076923076922 0.025
0 0.5692307692307692 0.5666666666666667 0.015865384615384615 0.029487179487179487
0 0.5490384615384616 0.5395833333333333 0.00625 0.009294871794871795
0 0.5490384615384616 0.5450320512820512 0.007211538461538462 0.0035256410256410257
0 0.7662259615384616 0.4512820512820513 0.023317307692307693 0.032692307692307694
