0 0.034765625 0.38055555555555554 0.06953125 0.09722222222222222
0 0.837890625 0.39375 0.02109375 0.0375
0 0.525 0.45625 0.0125 0.020833333333333332
0 0.45 0.45625 0.009375 0.018055555555555554
0 0.144140625 0.40694444444444444 0.03515625 0.06111111111111111
0 0.4125 0.40347222222222223 0.0328125 0.05416666666666667
0 0.766796875 0.2861111111111111 0.03359375 0.030555555555555555
0 0.711328125 0.2881944444444444 0.03515625 0.03194444444444444
0 0.712109375 0.33611111111111114 0.03359375 0.058333333333333334
0 0.712890625 0.3888888888888889 0.03203125 0.041666666666666664
0 0.769140625 0.3875 0.03359375 0.041666666666666664
