0 0.19849537037037038 0.5924586776859504 0.047453703703703706 0.06198347107438017
0 0.3001543209876543 0.674845041322314 0.037037037037037035 0.04390495867768595
0 0.30169753086419754 0.7143595041322314 0.02700617283950617 0.03615702479338843
0 0.6763117283950617 0.6335227272727273 0.02854938271604938 0.03460743801652893
0 0.19984567901234568 0.6381714876033058 0.047839506172839504 0.02634297520661157
0 0.484375 0.7066115702479339 0.01427469135802469 0.024793388429752067
0 0.78125 0.6056301652892562 0.0779320987654321 0.09762396694214875
0 0.23013117283950618 0.6851756198347108 0.061342592592592594 0.030475206611570247
0 0.43036265432098764 0.7130681818181818 0.016589506172839507 0.02737603305785124
0 0.4575617283950617 0.7159090909090909 0.023148148148148147 0.02066115702479339
