0 0.13046875 0.3984375 0.015625 0.0234375
0 0.8515625 0.4016927083333333 0.015625 0.02734375
0 0.436328125 0.4427083333333333 0.02109375 0.033854166666666664
0 0.369921875 0.3483072916666667 0.01015625 0.016927083333333332
0 0.701171875 0.4244791666666667 0.00859375 0.03125
0 0.382421875 0.3522135416666667 0.04140625 0.037760416666666664
0 0.438671875 0.466796875 0.01953125 0.016927083333333332
0 0.13046875 0.4388020833333333 0.0140625 0.013020833333333334
0 0.394921875 0.4446614583333333 0.00703125 0.01171875
0 0.534765625 0.4244791666666667 0.02421875 0.015625
0 0.4359375 0.4140625 0.0140625 0.020833333333333332
0 0.130859375 0.421875 0.01484375 0.020833333333333332
0 0.394921875 0.4622395833333333 0.01484375 0.0234375
