0 0.13771802325581395 0.4731989708404803 0.012839147286821706 0.026157804459691254
0 0.8810562015503876 0.4421097770154374 0.028585271317829456 0.051457975986277875
0 0.24285368217054262 0.45797598627787306 0.007994186046511628 0.02830188679245283
0 0.8777858527131783 0.5225128644939966 0.03076550387596899 0.029588336192109776
0 0.45276162790697677 0.5173670668953688 0.0029069767441860465 0.005574614065180103
0 0.4947916666666667 0.5315180102915952 0.010416666666666666 0.006432246998284734
0 0.3168604651162791 0.4777015437392796 0.007267441860465116 0.02830188679245283
0 0.4950339147286822 0.5253001715265866 0.00993217054263566 0.00686106346483705
0 0.8794815891472868 0.4875643224699828 0.030281007751937983 0.03945111492281304
0 0.7888808139534884 0.48048885077186965 0.00993217054263566 0.046740994854202404
