0 0.5237438725490197 0.3772467320261438 0.026041666666666668 0.0363562091503268
0 0.7058823529411765 0.3372140522875817 0.028799019607843136 0.013480392156862746
0 0.7057291666666666 0.3911356209150327 0.0070465686274509805 0.011029411764705883
0 0.5467218137254902 0.45159313725490197 0.022365196078431373 0.030637254901960783
0 0.46109068627450983 0.44424019607843135 0.003676470588235294 0.007761437908496732
0 0.7054227941176471 0.3508986928104575 0.02971813725490196 0.013888888888888888
0 0.7057291666666666 0.3954248366013072 0.012561274509803922 0.02287581699346405
0 0.7054227941176471 0.3662173202614379 0.02971813725490196 0.014297385620915032
0 0.6989889705882353 0.41217320261437906 0.006433823529411764 0.012254901960784314
0 0.3564644607843137 0.4493464052287582 0.007659313725490196 0.00980392156862745
0 0.6988357843137255 0.4285130718954248 0.009191176470588236 0.02287581699346405
0 0.36243872549019607 0.4477124183006536 0.00980392156862745 0.013888888888888888
0 0.3400735294117647 0.47120098039215685 0.006127450980392157 0.009395424836601307
0 0.34482230392156865 0.4583333333333333 0.008884803921568627 0.014705882352941176
0 0.3252144607843137 0.44607843137254904 0.004595588235294118 0.007352941176470588
