0 0.49172794117647056 0.39133986928104575 0.010416666666666666 0.013071895424836602
0 0.49142156862745096 0.400531045751634 0.007352941176470588 0.0053104575163398695
0 0.4777879901960784 0.3560049019607843 0.01011029411764706 0.014297385620915032
0 0.4774816176470588 0.36764705882352944 0.009497549019607842 0.008169934640522876
0 0.6649816176470589 0.4140114379084967 0.004595588235294118 0.006944444444444444
0 0.6645220588235294 0.4213643790849673 0.0055147058823529415 0.003676470588235294
0 0.6642156862745098 0.4285130718954248 0.0055147058823529415 0.006535947712418301
0 0.7158394607843137 0.3901143790849673 0.01011029411764706 0.013071895424836602
0 0.7198223039215687 0.4375 0.005208333333333333 0.004084967320261438
0 0.7199754901960784 0.4236111111111111 0.004901960784313725 0.006535947712418301
0 0.7601102941176471 0.41911764705882354 0.00428921568627451 0.008169934640522876
