0 0.2780330882352941 0.33374183006535946 0.013786764705882353 0.018790849673202614
0 0.1329656862745098 0.4117647058823529 0.009191176470588236 0.010620915032679739
0 0.20006127450980393 0.41013071895424835 0.004901960784313725 0.0032679738562091504
0 0.5237438725490197 0.38991013071895425 0.003982843137254902 0.003676470588235294
0 0.1332720588235294 0.41074346405228757 0.006127450980392157 0.007761437908496732
0 0.1326593137254902 0.397875816993464 0.006740196078431373 0.008169934640522876
0 0.13495710784313725 0.42830882352941174 0.009497549019607842 0.006944444444444444
0 0.13434436274509803 0.4213643790849673 0.009497549019607842 0.006127450980392157
0 0.19914215686274508 0.38991013071895425 0.004901960784313725 0.01184640522875817
0 0.4178921568627451 0.3874591503267974 0.0055147058823529415 0.0053104575163398695
0 0.4181985294117647 0.39276960784313725 0.006127450980392157 0.0053104575163398695
0 0.34375 0.3286356209150327 0.04595588235294118 0.02165032679738562
0 0.8357843137254902 0.29248366013071897 0.013480392156862746 0.014705882352941176
0 0.3400735294117647 0.32945261437908496 0.006127450980392157 0.00857843137254902
0 0.28017769607843135 0.3694852941176471 0.009497549019607842 0.012663398692810458
0 0.546875 0.3801062091503268 0.00857843137254902 0.01184640522875817
0 0.8365502450980392 0.3059640522875817 0.013174019607843137 0.013888888888888888
0 0.34298406862745096 0.3553921568627451 0.03400735294117647 0.01715686274509804
0 0.5235906862745098 0.38480392156862747 0.0055147058823529415 0.008169934640522876
0 0.41712622549019607 0.38112745098039214 0.005821078431372549 0.008169934640522876
0 0.8342524509803921 0.2749183006535948 0.014705882352941176 0.027777777777777776
0 0.3330269607843137 0.33026960784313725 0.006127450980392157 0.00857843137254902
0 0.13204656862745098 0.39950980392156865 0.010416666666666666 0.013071895424836602
0 0.19898897058823528 0.3758169934640523 0.0070465686274509805 0.014705882352941176
0 0.27941176470588236 0.35355392156862747 0.014093137254901961 0.020833333333333332
0 0.3483455882352941 0.3429330065359477 0.03431372549019608 0.013480392156862746
0 0.8330269607843137 0.2252859477124183 0.024509803921568627 0.06331699346405228
