0 0.114125 0.37916666666666665 0.03575 0.019666666666666666
0 0.11275 0.4053333333333333 0.032 0.023333333333333334
0 0.11325 0.4231666666666667 0.0315 0.021666666666666667
0 0.074625 0.39366666666666666 0.03475 0.024
0 0.075125 0.4145 0.03475 0.024333333333333332
0 0.760875 0.3355 0.00975 0.021
0 0.092 0.48483333333333334 0.012 0.019
0 0.09225 0.49916666666666665 0.0135 0.009666666666666667
0 0.41975 0.49583333333333335 0.004 0.007
0 0.435875 0.5041666666666667 0.00325 0.0036666666666666666
0 0.43575 0.508 0.0035 0.0033333333333333335
0 0.555375 0.48833333333333334 0.00925 0.012
0 0.772875 0.36433333333333334 0.04425 0.06666666666666667
0 0.775 0.4135 0.035 0.033666666666666664
0 0.395125 0.5066666666666667 0.00325 0.0033333333333333335
0 0.394875 0.5031666666666667 0.00275 0.0036666666666666666
