0 0.5881696428571429 0.6365740740740741 0.014632936507936508 0.018518518518518517
0 0.5114087301587301 0.7013888888888888 0.006944444444444444 0.00992063492063492
0 0.1107390873015873 0.3716931216931217 0.09250992063492064 0.10582010582010581
0 0.2013888888888889 0.6703042328042328 0.01984126984126984 0.028439153439153438
0 0.5705605158730159 0.6365740740740741 0.014632936507936508 0.01917989417989418
0 0.503844246031746 0.701058201058201 0.007192460317460317 0.009259259259259259
0 0.2044890873015873 0.6408730158730159 0.0220734126984127 0.0291005291005291
0 0.5538194444444444 0.6478174603174603 0.01984126984126984 0.0205026455026455
0 0.5322420634920635 0.65625 0.015376984126984126 0.018849206349206348
0 0.1987847222222222 0.701058201058201 0.020089285714285716 0.032407407407407406
0 0.5710565476190477 0.6509589947089947 0.014632936507936508 0.008267195767195767
0 0.587921626984127 0.6557539682539683 0.015128968253968254 0.017857142857142856
0 0.5121527777777778 0.6521164021164021 0.014384920634920634 0.010582010582010581
0 0.09833829365079365 0.46908068783068785 0.10044642857142858 0.09689153439153439
0 0.3306051587301587 0.6155753968253969 0.015376984126984126 0.060515873015873016
0 0.2604166666666667 0.7007275132275133 0.010912698412698412 0.04431216931216931
