0 0.5596875 0.516875 0.018125 0.02375
0 0.44875 0.7033333333333334 0.0025 0.0016666666666666668
0 0.41828125 0.7020833333333333 0.0040625 0.004166666666666667
0 0.47484375 0.7060416666666667 0.0021875 0.0020833333333333333
0 0.47453125 0.7020833333333333 0.0040625 0.005833333333333334
0 0.494375 0.7002083333333333 0.005625 0.007916666666666667
0 0.48625 0.703125 0.004375 0.00625
0 0.418125 0.705 0.001875 0.0025
0 0.5265625 0.6941666666666667 0.003125 0.005833333333333334
0 0.61109375 0.6722916666666666 0.0046875 0.010416666666666666
0 0.6853125 0.6675 0.016875 0.011666666666666667
0 0.77578125 0.6714583333333334 0.0059375 0.012916666666666667
0 0.63953125 0.5252083333333334 0.0278125 0.01875
0 0.485625 0.510625 0.018125 0.02875
0 0.6840625 0.658125 0.023125 0.01125
0 0.53609375 0.6891666666666667 0.0046875 0.010833333333333334
0 0.44875 0.705625 0.0025 0.002916666666666667
