0 0.4748798076923077 0.7807692307692308 0.0045673076923076926 0.005128205128205128
0 0.26802884615384615 0.763301282051282 0.010096153846153847 0.010576923076923078
0 0.8139423076923077 0.7685897435897436 0.020673076923076922 0.014743589743589743
0 0.8138221153846154 0.7536858974358974 0.020432692307692308 0.014423076923076924
0 0.2966346153846154 0.7903846153846154 0.00625 0.00641025641025641
0 0.8076923076923077 0.7681089743589744 0.0028846153846153848 0.006730769230769231
0 0.8134615384615385 0.7389423076923077 0.021153846153846155 0.017628205128205128
0 0.8125 0.7217948717948718 0.021634615384615384 0.01730769230769231
0 0.8063701923076924 0.7235576923076923 0.007932692307692307 0.011217948717948718
0 0.29699519230769234 0.780448717948718 0.005048076923076923 0.01282051282051282
0 0.8134615384615385 0.7818910256410256 0.008173076923076924 0.010576923076923078
