0 0.6178075396825397 0.7407407407407407 0.013888888888888888 0.02821869488536155
0 0.8684275793650794 0.8591269841269841 0.04290674603174603 0.06922398589065255
0 0.5210813492063492 0.6898148148148148 0.002976190476190476 0.011904761904761904
0 0.5607638888888888 0.7103174603174603 0.006944444444444444 0.01675485008818342
0 0.5303819444444444 0.6926807760141094 0.006200396825396825 0.013227513227513227
0 0.6488095238095238 0.7526455026455027 0.010912698412698412 0.030864197530864196
0 0.5771329365079365 0.7175925925925926 0.007936507936507936 0.022486772486772486
0 0.5961061507936508 0.7290564373897708 0.006696428571428571 0.027777777777777776
0 0.6919642857142857 0.7760141093474426 0.018849206349206348 0.029982363315696647
0 0.7612847222222222 0.808641975308642 0.023561507936507936 0.04585537918871252
0 0.5487351190476191 0.7026014109347443 0.006200396825396825 0.016313932980599646
0 0.5132688492063492 0.687610229276896 0.002728174603174603 0.009259259259259259
