0 0.4879712301587302 0.4603174603174603 0.015128968253968254 0.01917989417989418
0 0.5091765873015873 0.43022486772486773 0.07738095238095238 0.03505291005291005
0 0.41195436507936506 0.4580026455026455 0.011904761904761904 0.011243386243386243
0 0.5319940476190477 0.45965608465608465 0.013392857142857142 0.017857142857142856
0 0.509796626984127 0.46048280423280424 0.014136904761904762 0.02017195767195767
0 0.37896825396825395 0.46378968253968256 0.014384920634920634 0.016203703703703703
0 0.5090525793650794 0.4601521164021164 0.07614087301587301 0.022817460317460316
0 0.38244047619047616 0.46130952380952384 0.00496031746031746 0.007275132275132275
0 0.3759920634920635 0.4618055555555556 0.005456349206349206 0.006944444444444444
0 0.36507936507936506 0.46593915343915343 0.005952380952380952 0.00992063492063492
