0 0.3197699652777778 0.4945023148148148 0.008029513888888888 0.010416666666666666
0 0.8592664930555556 0.5219907407407407 0.008463541666666666 0.023726851851851853
0 0.6975911458333334 0.4542824074074074 0.012803819444444444 0.017361111111111112
0 0.4113498263888889 0.4887152777777778 0.013237847222222222 0.017361111111111112
0 0.4295789930555556 0.45891203703703703 0.008463541666666666 0.011574074074074073
0 0.6766493055555556 0.44126157407407407 0.009114583333333334 0.012152777777777778
0 0.3479817708333333 0.4437210648148148 0.027994791666666668 0.016493055555555556
0 0.4290364583333333 0.46469907407407407 0.013888888888888888 0.02488425925925926
0 0.35546875 0.4296875 0.047309027777777776 0.014467592592592593
0 0.6765407986111112 0.4469039351851852 0.013237847222222222 0.02459490740740741
0 0.8601345486111112 0.5400752314814815 0.007595486111111111 0.01244212962962963
0 0.2322048611111111 0.45847800925925924 0.006944444444444444 0.027488425925925927
