0 0.6979166666666666 0.45608660130718953 0.03370098039215686 0.04370915032679738
0 0.6404718137254902 0.46915849673202614 0.008272058823529412 0.011029411764705883
0 0.5536151960784313 0.4750816993464052 0.03125 0.027777777777777776
0 0.7827818627450981 0.4834558823529412 0.009191176470588236 0.011029411764705883
0 0.38036151960784315 0.45731209150326796 0.011948529411764705 0.009395424836601307
0 0.5502450980392157 0.4693627450980392 0.007352941176470588 0.00980392156862745
0 0.5726102941176471 0.49325980392156865 0.006740196078431373 0.006127450980392157
0 0.4152879901960784 0.4738562091503268 0.002144607843137255 0.005718954248366013
0 0.49371936274509803 0.4667075163398693 0.022365196078431373 0.03390522875816993
0 0.5579044117647058 0.46977124183006536 0.0055147058823529415 0.008169934640522876
0 0.6963848039215687 0.4820261437908497 0.023284313725490197 0.02042483660130719
0 0.4479166666666667 0.47487745098039214 0.0030637254901960784 0.010212418300653595
0 0.7486213235294118 0.5010212418300654 0.03155637254901961 0.07066993464052287
