0 0.6741898148148148 0.34839876033057854 0.09529320987654322 0.21745867768595042
0 0.6440972222222222 0.34039256198347106 0.013503086419753086 0.01756198347107438
0 0.6730324074074074 0.359504132231405 0.02816358024691358 0.01962809917355372
0 0.5798611111111112 0.44266528925619836 0.012345679012345678 0.01756198347107438
0 0.6477623456790124 0.3613119834710744 0.016203703703703703 0.011880165289256199
0 0.6643518518518519 0.33858471074380164 0.019290123456790122 0.014979338842975207
0 0.3757716049382716 0.45867768595041325 0.011574074074074073 0.006198347107438017
0 0.5900848765432098 0.859245867768595 0.011959876543209876 0.00981404958677686
0 0.6896219135802469 0.8809400826446281 0.09066358024691358 0.061466942148760334
0 0.47820216049382713 0.44085743801652894 0.002700617283950617 0.003615702479338843
0 0.4567901234567901 0.4599690082644628 0.0030864197530864196 0.0046487603305785125
0 0.3751929012345679 0.4524793388429752 0.005015432098765432 0.007231404958677686
