0 0.4931930693069307 0.6608910891089109 0.006806930693069307 0.00825082508250825
0 0.45451732673267325 0.6336633663366337 0.009900990099009901 0.014026402640264026
0 0.45652846534653463 0.6676980198019802 0.008972772277227722 0.013613861386138614
0 0.9543626237623762 0.48246699669966997 0.0906559405940594 0.1183993399339934
0 0.4625618811881188 0.6198432343234324 0.009900990099009901 0.011963696369636964
0 0.494740099009901 0.6728547854785478 0.004331683168316832 0.006600660066006601
0 0.453125 0.6270627062706271 0.008972772277227722 0.015676567656765675
0 0.46642945544554454 0.6532590759075908 0.004641089108910891 0.007013201320132013
0 0.4129022277227723 0.6856435643564357 0.007735148514851485 0.012376237623762377
0 0.5232054455445545 0.6577970297029703 0.008044554455445545 0.013613861386138614
0 0.4125928217821782 0.6773927392739274 0.004641089108910891 0.004125412541254125
0 0.40129950495049505 0.6765676567656765 0.007425742574257425 0.009900990099009901
0 0.48097153465346537 0.6468646864686468 0.01021039603960396 0.020627062706270627
