0 0.6418402777777777 0.3715277777777778 0.021180555555555557 0.03125
0 0.5715277777777777 0.3793402777777778 0.010416666666666666 0.017939814814814815
0 0.6767361111111111 0.3923611111111111 0.01875 0.032407407407407406
0 0.6770833333333334 0.4163773148148148 0.019444444444444445 0.01678240740740741
0 0.6427083333333333 0.40653935185185186 0.018055555555555554 0.029513888888888888
0 0.5734375 0.44675925925925924 0.013541666666666667 0.023148148148148147
0 0.5215277777777778 0.47251157407407407 0.008333333333333333 0.013310185185185185
0 0.37916666666666665 0.4771412037037037 0.008333333333333333 0.013310185185185185
0 0.6440972222222222 0.4375 0.02361111111111111 0.027777777777777776
0 0.2767361111111111 0.4661458333333333 0.013888888888888888 0.02141203703703704
