0 0.34466145833333334 0.2877314814814815 0.005989583333333334 0.009722222222222222
0 0.30755208333333334 0.2516203703703704 0.015625 0.014351851851851852
0 0.32708333333333334 0.293287037037037 0.014583333333333334 0.013425925925925926
0 0.26861979166666666 0.25092592592592594 0.015364583333333333 0.012962962962962963
0 0.41627604166666665 0.2777777777777778 0.005989583333333334 0.010185185185185186
0 0.28828125 0.25092592592592594 0.015625 0.014814814814814815
0 0.35989583333333336 0.28912037037037036 0.00625 0.008796296296296297
0 0.37213541666666666 0.2863425925925926 0.007291666666666667 0.0032407407407407406
0 0.39700520833333336 0.29212962962962963 0.0033854166666666668 0.006481481481481481
0 0.365625 0.2861111111111111 0.005729166666666666 0.003703703703703704
0 0.404296875 0.287962962962963 0.00390625 0.008333333333333333
0 0.41302083333333334 0.29421296296296295 0.009895833333333333 0.011574074074074073
