0 0.2976345486111111 0.4216820987654321 0.023220486111111112 0.04243827160493827
0 0.3170572916666667 0.4122299382716049 0.020833333333333332 0.06905864197530864
0 0.2860243055555556 0.44772376543209874 0.013454861111111112 0.02507716049382716
0 0.5150824652777778 0.4947916666666667 0.009331597222222222 0.017361111111111112
0 0.3930121527777778 0.4841820987654321 0.007378472222222222 0.014660493827160493
0 0.3594835069444444 0.4425154320987654 0.007595486111111111 0.013888888888888888
0 0.18815104166666666 0.4529320987654321 0.009548611111111112 0.020833333333333332
0 0.3828125 0.4685570987654321 0.012586805555555556 0.006558641975308642
0 0.3965928819444444 0.46064814814814814 0.012803819444444444 0.006944444444444444
0 0.3830295138888889 0.45871913580246915 0.011284722222222222 0.006172839506172839
0 0.3963758680555556 0.466820987654321 0.012369791666666666 0.006172839506172839
