0 0.47120098039215685 0.5561002178649237 0.006127450980392157 0.010893246187363835
0 0.7333026960784313 0.528322440087146 0.019301470588235295 0.030501089324618737
0 0.7856924019607843 0.5751633986928104 0.01011029411764706 0.029411764705882353
0 0.40058210784313725 0.5476579520697168 0.008884803921568627 0.008169934640522876
0 0.47120098039215685 0.5495642701525054 0.003676470588235294 0.0032679738562091504
0 0.6171875 0.5642701525054467 0.004595588235294118 0.029411764705882353
0 0.40088848039215685 0.5561002178649237 0.0027573529411764708 0.008714596949891068
0 0.7852328431372549 0.5980392156862745 0.007965686274509803 0.016339869281045753
0 0.617953431372549 0.5373093681917211 0.012867647058823529 0.023420479302832243
0 0.4710477941176471 0.5460239651416122 0.007659313725490196 0.003812636165577342
