0 0.7464037698412699 0.7142857142857143 0.06572420634920635 0.08267195767195767
0 0.4790426587301587 0.7028769841269841 0.004712301587301587 0.00958994708994709
0 0.4789186507936508 0.6922949735449735 0.004464285714285714 0.01025132275132275
0 0.37016369047619047 0.6683201058201058 0.01314484126984127 0.017195767195767195
0 0.5054563492063492 0.6937830687830688 0.009424603174603174 0.0205026455026455
0 0.39037698412698413 0.7174272486772487 0.003472222222222222 0.004298941798941799
0 0.38752480158730157 0.7217261904761905 0.004712301587301587 0.0023148148148148147
0 0.48226686507936506 0.6441798941798942 0.023561507936507936 0.009259259259259259
0 0.45783730158730157 0.7182539682539683 0.01240079365079365 0.007936507936507936
0 0.6712549603174603 0.714781746031746 0.005208333333333333 0.006283068783068783
0 0.41517857142857145 0.7127976190476191 0.005456349206349206 0.002976190476190476
0 0.2993551587301587 0.7172619047619048 0.00744047619047619 0.013888888888888888
0 0.07874503968253968 0.6550925925925926 0.018105158730158732 0.01521164021164021
0 0.2917906746031746 0.7235449735449735 0.004216269841269841 0.007936507936507936
0 0.31646825396825395 0.7445436507936508 0.002976190476190476 0.0016534391534391533
0 0.28311011904761907 0.7418981481481481 0.011656746031746032 0.007605820105820105
0 0.39546130952380953 0.6669973544973545 0.012648809523809524 0.016534391534391533
0 0.677703373015873 0.7144510582010583 0.004712301587301587 0.006944444444444444
0 0.26066468253968256 0.6982473544973545 0.01488095238095238 0.02414021164021164
0 0.4191468253968254 0.7027116402116402 0.00744047619047619 0.0033068783068783067
0 0.6724950396825397 0.6531084656084656 0.014136904761904762 0.027116402116402115
