0 0.5922067901234568 0.614454732510288 0.015432098765432098 0.01903292181069959
0 0.5895061728395061 0.5537551440329218 0.015432098765432098 0.01903292181069959
0 0.5908564814814815 0.5738168724279835 0.01427469135802469 0.01800411522633745
0 0.5189043209876543 0.4876543209876543 0.020833333333333332 0.02880658436213992
0 0.5914351851851852 0.5936213991769548 0.014660493827160493 0.01954732510288066
0 0.5951003086419753 0.6131687242798354 0.024305555555555556 0.01646090534979424
0 0.40142746913580246 0.49588477366255146 0.019675925925925927 0.027777777777777776
0 0.45871913580246915 0.4920267489711934 0.022376543209876542 0.028292181069958847
0 0.5601851851851852 0.5573559670781894 0.03780864197530864 0.030349794238683128
0 0.5733024691358025 0.5740740740740741 0.013888888888888888 0.0051440329218107
