0 0.37609011627906974 0.39938630490956073 0.012839147286821706 0.017118863049095608
0 0.811046511627907 0.39712532299741604 0.009205426356589148 0.026808785529715762
0 0.7105135658914729 0.40455426356589147 0.008236434108527133 0.01970284237726098
0 0.5623788759689923 0.39179586563307495 0.008963178294573644 0.013565891472868217
0 0.8024467054263565 0.22529069767441862 0.02931201550387597 0.0377906976744186
0 0.4163032945736434 0.4123062015503876 0.006540697674418605 0.008074935400516795
0 0.8196463178294574 0.3732235142118863 0.023498062015503876 0.006782945736434108
0 0.36833817829457366 0.3871124031007752 0.008478682170542635 0.011950904392764857
0 0.4163032945736434 0.4032622739018088 0.007994186046511628 0.00872093023255814
0 0.36700581395348836 0.4022932816537468 0.005813953488372093 0.005490956072351421
