0 0.5174851190476191 0.6903108465608465 0.009672619047619048 0.012235449735449735
0 0.6912202380952381 0.6595568783068783 0.017361111111111112 0.021494708994708994
0 0.2585565476190476 0.4930555555555556 0.03794642857142857 0.09325396825396826
0 0.13082837301587302 0.6491402116402116 0.01066468253968254 0.013888888888888888
0 0.8504464285714286 0.6355820105820106 0.017361111111111112 0.0205026455026455
0 0.6922123015873016 0.701058201058201 0.013888888888888888 0.02447089947089947
0 0.2682291666666667 0.4168320105820106 0.033482142857142856 0.08498677248677249
0 0.6920882936507936 0.6802248677248677 0.017609126984126984 0.017195767195767195
0 0.5177331349206349 0.6989087301587301 0.009672619047619048 0.008267195767195767
0 0.8447420634920635 0.6499669312169312 0.002976190476190476 0.006283068783068783
0 0.25458829365079366 0.5515873015873016 0.03149801587301587 0.04894179894179894
0 0.8514384920634921 0.6362433862433863 0.0248015873015873 0.03835978835978836
0 0.8528025793650794 0.6673280423280423 0.03149801587301587 0.02513227513227513
