0 0.796875 0.6268382352941176 0.007352941176470588 0.007761437908496732
0 0.3388480392156863 0.6638071895424836 0.003676470588235294 0.013888888888888888
0 0.31449142156862747 0.6652369281045751 0.003982843137254902 0.01838235294117647
0 0.7689950980392157 0.6460375816993464 0.0055147058823529415 0.006944444444444444
0 0.2927389705882353 0.6662581699346405 0.004595588235294118 0.017973856209150325
0 0.2555147058823529 0.6683006535947712 0.0055147058823529415 0.022058823529411766
0 0.3915441176470588 0.6607434640522876 0.0030637254901960784 0.010212418300653595
0 0.38235294117647056 0.6611519607843137 0.0030637254901960784 0.011029411764705883
0 0.36917892156862747 0.6615604575163399 0.0030637254901960784 0.011029411764705883
0 0.35431985294117646 0.6625816993464052 0.003982843137254902 0.012254901960784314
0 0.0739889705882353 0.14154411764705882 0.07138480392156862 0.04125816993464052
0 0.6369485294117647 0.6478758169934641 0.0055147058823529415 0.013071895424836602
0 0.7971813725490197 0.6331699346405228 0.006740196078431373 0.004901960784313725
0 0.6254595588235294 0.6439950980392157 0.004595588235294118 0.017565359477124183
0 0.6879595588235294 0.6376633986928104 0.013174019607843137 0.013888888888888888
0 0.9385723039215687 0.21752450980392157 0.12224264705882353 0.08700980392156862
0 0.5744485294117647 0.6031454248366013 0.028799019607843136 0.017565359477124183
0 0.938265931372549 0.1111111111111111 0.12285539215686274 0.10620915032679738
0 0.07215073529411764 0.21446078431372548 0.14430147058823528 0.10784313725490197
0 0.9246323529411765 0.215890522875817 0.06066176470588235 0.06985294117647059
0 0.6171875 0.6437908496732027 0.009497549019607842 0.015522875816993464
0 0.5981924019607843 0.6452205882352942 0.011948529411764705 0.014297385620915032
0 0.6913296568627451 0.6397058823529411 0.012561274509803922 0.018790849673202614
0 0.7140012254901961 0.6407271241830066 0.020526960784313725 0.025735294117647058
0 0.13020833333333334 0.6801470588235294 0.007965686274509803 0.03104575163398693
0 0.2035845588235294 0.672998366013072 0.0070465686274509805 0.025735294117647058
