0 0.19680059523809523 0.5745701058201058 0.016617063492063492 0.021494708994708994
0 0.14397321428571427 0.5724206349206349 0.022569444444444444 0.025793650793650792
0 0.0763888888888889 0.5990410052910053 0.008928571428571428 0.01025132275132275
0 0.17683531746031747 0.5940806878306878 0.01636904761904762 0.021494708994708994
0 0.4076140873015873 0.6208664021164021 0.005704365079365079 0.005621693121693121
0 0.408234126984127 0.6107804232804233 0.006944444444444444 0.011904761904761904
0 0.14211309523809523 0.5983796296296297 0.023313492063492064 0.02943121693121693
0 0.19915674603174602 0.5874669312169312 0.018353174603174604 0.018187830687830687
0 0.5193452380952381 0.5909391534391535 0.018353174603174604 0.0205026455026455
0 0.11011904761904762 0.5873015873015873 0.007936507936507936 0.01455026455026455
0 0.4124503968253968 0.5982142857142857 0.013392857142857142 0.017195767195767195
0 0.29575892857142855 0.6322751322751323 0.01711309523809524 0.006613756613756613
0 0.34375 0.6342592592592593 0.023809523809523808 0.007936507936507936
0 0.5184771825396826 0.6117724867724867 0.017609126984126984 0.023809523809523808
0 0.3492063492063492 0.6099537037037037 0.004464285714285714 0.006283068783068783
