0 0.5389093137254902 0.5189950980392157 0.02389705882352941 0.00857843137254902
0 0.6983762254901961 0.5277777777777778 0.006433823529411764 0.010620915032679739
0 0.6986825980392157 0.5287990196078431 0.01133578431372549 0.017565359477124183
0 0.6986825980392157 0.49080882352941174 0.04442401960784314 0.05759803921568627
0 0.6178002450980392 0.5580065359477124 0.01133578431372549 0.016339869281045753
0 0.6170343137254902 0.5363562091503268 0.02144607843137255 0.027777777777777776
0 0.5770526960784313 0.5641339869281046 0.012561274509803922 0.022058823529411766
0 0.5709252450980392 0.5696486928104575 0.002144607843137255 0.006944444444444444
0 0.5654105392156863 0.5663807189542484 0.010723039215686275 0.006944444444444444
0 0.5566789215686274 0.5614787581699346 0.00980392156862745 0.0053104575163398695
0 0.5563725490196079 0.5690359477124183 0.0024509803921568627 0.00980392156862745
0 0.5444240196078431 0.5629084967320261 0.006740196078431373 0.006535947712418301
0 0.5439644607843137 0.553921568627451 0.008884803921568627 0.010620915032679739
0 0.5396752450980392 0.5641339869281046 0.002144607843137255 0.004084967320261438
0 0.5193014705882353 0.5537173202614379 0.0024509803921568627 0.003676470588235294
0 0.5197610294117647 0.5498366013071896 0.0033700980392156864 0.004084967320261438
0 0.5035232843137255 0.5580065359477124 0.003982843137254902 0.004901960784313725
0 0.41237745098039214 0.5618872549019608 0.011642156862745098 0.004493464052287581
0 0.4987745098039216 0.5408496732026143 0.0030637254901960784 0.005718954248366013
0 0.4886642156862745 0.5633169934640523 0.0024509803921568627 0.004901960784313725
