0 0.5490399096385542 0.6994645247657296 0.014118975903614458 0.024096385542168676
0 0.34205572289156627 0.7270749665327979 0.005271084337349397 0.009705488621151271
0 0.29273343373493976 0.7031459170013387 0.00338855421686747 0.006024096385542169
0 0.5655120481927711 0.7066599732262383 0.010542168674698794 0.019076305220883535
0 0.6299887048192772 0.7074966532797858 0.007718373493975903 0.015394912985274432
0 0.3314194277108434 0.7339357429718876 0.001694277108433735 0.006024096385542169
0 0.3451618975903614 0.7274096385542169 0.006588855421686747 0.009705488621151271
0 0.5140248493975904 0.7004685408299867 0.016001506024096387 0.014056224899598393
0 0.14655496987951808 0.7108433734939759 0.02315512048192771 0.030789825970548863
0 0.3520331325301205 0.7295850066934404 0.007906626506024096 0.011378848728246318
0 0.7103727409638554 0.7003012048192772 0.006588855421686747 0.013721552878179385
0 0.6651920180722891 0.7041499330655957 0.006588855421686747 0.012717536813922356
0 0.7565888554216867 0.697623828647925 0.00677710843373494 0.013721552878179385
0 0.9928463855421686 0.6979585006693441 0.013930722891566265 0.04852744310575636
0 0.5496987951807228 0.7233935742971888 0.007906626506024096 0.02175368139223561
0 0.9916227409638554 0.6512717536813922 0.01637801204819277 0.039491298527443104
0 0.3873305722891566 0.7247322623828648 0.005459337349397591 0.008366800535475234
0 0.5971385542168675 0.7068273092369478 0.008283132530120483 0.01606425702811245
0 0.4425828313253012 0.7259036144578314 0.01618975903614458 0.02744310575635877
