0 0.0751953125 0.4033203125 0.015625 0.014973958333333334
0 0.896240234375 0.6673177083333334 0.01123046875 0.03125
0 0.760986328125 0.666015625 0.00634765625 0.01171875
0 0.760009765625 0.6526692708333334 0.01318359375 0.017578125
0 0.747314453125 0.6634114583333334 0.00634765625 0.018229166666666668
0 0.689208984375 0.6588541666666666 0.01416015625 0.018229166666666668
0 0.8515625 0.4964192708333333 0.0244140625 0.041015625
0 0.59521484375 0.6331380208333334 0.0029296875 0.005859375
0 0.591552734375 0.6328125 0.00341796875 0.005208333333333333
0 0.580322265625 0.6324869791666666 0.00244140625 0.005859375
0 0.538330078125 0.6311848958333334 0.00439453125 0.008463541666666666
0 0.59521484375 0.6376953125 0.0029296875 0.001953125
0 0.00537109375 0.3245442708333333 0.0107421875 0.052734375
0 0.7392578125 0.4348958333333333 0.021484375 0.010416666666666666
0 0.739501953125 0.4479166666666667 0.06201171875 0.03125
0 0.0703125 0.4182942708333333 0.0517578125 0.046223958333333336
0 0.4462890625 0.630859375 0.0068359375 0.009114583333333334
0 0.478759765625 0.6292317708333334 0.01220703125 0.016276041666666668
