0 0.6252510040160643 0.39374163319946454 0.030120481927710843 0.03982597054886212
0 0.5304969879518072 0.428045515394913 0.021837349397590362 0.028781793842034806
0 0.6258785140562249 0.36027443105756357 0.025853413654618473 0.025769745649263723
0 0.615210843373494 0.8714859437751004 0.0286144578313253 0.02744310575635877
0 0.8035893574297188 0.40963855421686746 0.011295180722891566 0.020749665327978582
0 0.5173192771084337 0.4606760374832664 0.009538152610441768 0.01104417670682731
0 0.5168172690763052 0.4421017402945114 0.00853413654618474 0.00535475234270415
0 0.5171937751004017 0.4526439089692102 0.0077811244979919675 0.005689424364123159
0 0.5173192771084337 0.46921017402945114 0.007530120481927711 0.006693440428380187
0 0.49698795180722893 0.4755689424364123 0.004016064257028112 0.006024096385542169
0 0.5170682730923695 0.44712182061579653 0.008032128514056224 0.00535475234270415
0 0.4967369477911647 0.4802543507362784 0.0035140562248995983 0.004016064257028112
0 0.49146586345381527 0.4789156626506024 0.008032128514056224 0.014725568942436412
0 0.49698795180722893 0.47121820615796517 0.004016064257028112 0.0033467202141900937
