0 0.6180989583333333 0.649537037037037 0.01328125 0.01574074074074074
0 0.6311197916666667 0.6895833333333333 0.01484375 0.03009259259259259
0 0.6134114583333333 0.7090277777777778 0.01953125 0.03564814814814815
0 0.6712239583333334 0.7048611111111112 0.02734375 0.03009259259259259
0 0.6302083333333334 0.7136574074074075 0.014583333333333334 0.018055555555555554
0 0.5985677083333333 0.7034722222222223 0.01171875 0.02824074074074074
0 0.616796875 0.6840277777777778 0.013802083333333333 0.01712962962962963
0 0.6315104166666666 0.6664351851851852 0.0140625 0.016203703703703703
0 0.6322916666666667 0.65 0.0140625 0.016666666666666666
0 0.6188802083333333 0.625462962962963 0.01484375 0.030555555555555555
0 0.646484375 0.6842592592592592 0.00703125 0.011111111111111112
0 0.6174479166666667 0.6662037037037037 0.0140625 0.017592592592592594
0 0.6334635416666666 0.6256944444444444 0.014322916666666666 0.03009259259259259
0 0.6375 0.6907407407407408 0.0328125 0.03425925925925926
0 0.6201822916666667 0.5946759259259259 0.01484375 0.03287037037037037
