0 0.2859375 0.3171452702702703 0.030625 0.05489864864864865
0 0.24875 0.33783783783783783 0.025 0.03547297297297297
0 0.35375 0.33614864864864863 0.01125 0.015202702702702704
0 0.249375 0.3112331081081081 0.02125 0.019425675675675675
0 0.2878125 0.35346283783783783 0.025625 0.03125
0 0.42375 0.3141891891891892 0.0425 0.011824324324324325
0 0.4253125 0.3061655405405405 0.029375 0.007601351351351352
0 0.449375 0.36655405405405406 0.0125 0.013513513513513514
0 0.4234375 0.3260135135135135 0.043125 0.011824324324324325
0 0.258125 0.37415540540540543 0.01125 0.006756756756756757
0 0.5865625 0.32390202702702703 0.016875 0.024493243243243243
0 0.936875 0.31967905405405406 0.0125 0.009290540540540541
0 0.88625 0.3458614864864865 0.01 0.01266891891891892
0 0.8871875 0.33234797297297297 0.008125 0.014358108108108109
0 0.9375 0.3285472972972973 0.01375 0.010135135135135136
