0 0.7428075396825397 0.5061728395061729 0.017361111111111112 0.036155202821869487
0 0.5705605158730159 0.33641975308641975 0.029513888888888888 0.013227513227513227
0 0.6452132936507936 0.34501763668430335 0.030009920634920636 0.011904761904761904
0 0.5172371031746031 0.35912698412698413 0.02554563492063492 0.012786596119929453
0 0.5596478174603174 0.4107142857142857 0.053323412698412696 0.01984126984126984
0 0.5811011904761905 0.4574514991181658 0.006944444444444444 0.003968253968253968
0 0.599578373015873 0.49228395061728397 0.004712301587301587 0.0048500881834215165
0 0.6440972222222222 0.4695767195767196 0.006944444444444444 0.007054673721340388
0 0.6937003968253969 0.5271164021164021 0.00248015873015873 0.006613756613756613
0 0.6608382936507936 0.5271164021164021 0.003224206349206349 0.007495590828924162
0 0.7707093253968254 0.5363756613756614 0.006200396825396825 0.02072310405643739
0 0.5782490079365079 0.468694885361552 0.01314484126984127 0.018518518518518517
0 0.6285962301587301 0.38073192239858905 0.06374007936507936 0.05952380952380952
0 0.5057043650793651 0.38293650793650796 0.049107142857142856 0.03571428571428571
0 0.5592757936507936 0.37213403880070545 0.05357142857142857 0.06084656084656084
0 0.5797371031746031 0.4896384479717813 0.014632936507936508 0.021604938271604937
0 0.6137152777777778 0.3664021164021164 0.013640873015873016 0.018518518518518517
0 0.5510912698412699 0.35802469135802467 0.013392857142857142 0.01763668430335097
