0 0.6377144607843137 0.7152777777777778 0.009497549019607842 0.011437908496732025
0 0.7403492647058824 0.6872957516339869 0.03278186274509804 0.03308823529411765
0 0.6807598039215687 0.7369281045751634 0.00428921568627451 0.005718954248366013
0 0.7781862745098039 0.7201797385620915 0.0196078431372549 0.013071895424836602
0 0.9269301470588235 0.7453022875816994 0.003982843137254902 0.004493464052287581
0 0.6378676470588235 0.7265114379084967 0.0030637254901960784 0.0053104575163398695
0 0.6343443627450981 0.7209967320261438 0.006433823529411764 0.008169934640522876
0 0.9258578431372549 0.7346813725490197 0.0055147058823529415 0.003676470588235294
0 0.47640931372549017 0.7261029411764706 0.0055147058823529415 0.007761437908496732
0 0.9261642156862745 0.7395833333333334 0.004901960784313725 0.0053104575163398695
