0 0.7049632352941176 0.5161356209150327 0.016544117647058824 0.02165032679738562
0 0.8092830882352942 0.4979575163398693 0.04258578431372549 0.04493464052287582
0 0.5257352941176471 0.4187091503267974 0.06740196078431372 0.04330065359477124
0 0.7071078431372549 0.48590686274509803 0.030637254901960783 0.039624183006535946
0 0.5602022058823529 0.5128676470588235 0.013174019607843137 0.017565359477124183
0 0.38786764705882354 0.40175653594771243 0.08026960784313726 0.07230392156862746
0 0.3786764705882353 0.36070261437908496 0.015931372549019607 0.00980392156862745
0 0.8098958333333334 0.5294117647058824 0.03952205882352941 0.01715686274509804
0 0.46599264705882354 0.4199346405228758 0.052083333333333336 0.03431372549019608
0 0.38863357843137253 0.35171568627450983 0.011948529411764705 0.00980392156862745
0 0.5261948529411765 0.38235294117647056 0.06709558823529412 0.03104575163398693
0 0.46691176470588236 0.39950980392156865 0.012254901960784314 0.010620915032679739
0 0.43167892156862747 0.5155228758169934 0.006127450980392157 0.00980392156862745
0 0.4250919117647059 0.5265522875816994 0.007659313725490196 0.007352941176470588
0 0.39659926470588236 0.5277777777777778 0.008272058823529412 0.006535947712418301
0 0.3972120098039216 0.36213235294117646 0.014399509803921568 0.007761437908496732
0 0.5094975490196079 0.5222630718954249 0.006127450980392157 0.00857843137254902
0 0.4993872549019608 0.5304330065359477 0.012254901960784314 0.006127450980392157
0 0.4143688725490196 0.5161356209150327 0.008272058823529412 0.011029411764705883
