0 0.510705017301038 0.4268922018348624 0.005406574394463667 0.006880733944954129
0 0.5258434256055363 0.42660550458715596 0.003676470588235294 0.005733944954128441
0 0.8938148788927336 0.12184633027522936 0.09472318339100345 0.13589449541284404
0 0.9184688581314879 0.45126146788990823 0.006920415224913495 0.016628440366972478
0 0.9263624567474048 0.4509747706422018 0.004974048442906574 0.016628440366972478
0 0.9173875432525952 0.4142775229357798 0.006055363321799308 0.01834862385321101
0 0.9179282006920415 0.4329128440366973 0.0067041522491349485 0.018922018348623854
0 0.5259515570934256 0.4324827981651376 0.0034602076124567475 0.004873853211009175
0 0.9262543252595156 0.4138474770642202 0.006487889273356401 0.01576834862385321
0 0.9262543252595156 0.43190940366972475 0.005190311418685121 0.01576834862385321
0 0.9250648788927336 0.2723623853211009 0.06336505190311419 0.16685779816513763
0 0.21885813148788927 0.4450974770642202 0.009083044982698962 0.009461009174311927
0 0.921280276816609 0.42846903669724773 0.020761245674740483 0.06565366972477064
