0 0.7078737745098039 0.6137663398692811 0.01991421568627451 0.006944444444444444
0 0.7299325980392157 0.6229575163398693 0.016237745098039217 0.008986928104575163
0 0.08900122549019608 0.5763888888888888 0.013174019607843137 0.008986928104575163
0 0.5513174019607843 0.6013071895424836 0.01991421568627451 0.006535947712418301
0 0.7732843137254902 0.5592320261437909 0.014093137254901961 0.014705882352941176
0 0.6181066176470589 0.6413398692810458 0.01685049019607843 0.021241830065359478
0 0.6182598039215687 0.6550245098039216 0.006740196078431373 0.0053104575163398695
0 0.7094056372549019 0.6337826797385621 0.016237745098039217 0.027369281045751634
0 0.6660539215686274 0.6558415032679739 0.026348039215686275 0.013480392156862746
0 0.5078125 0.6507352941176471 0.004595588235294118 0.004901960784313725
0 0.6651348039215687 0.6464460784313726 0.024509803921568627 0.0053104575163398695
0 0.7311580882352942 0.613562091503268 0.018688725490196078 0.008986928104575163
