0 0.7079861111111111 0.7256944444444444 0.022916666666666665 0.03587962962962963
0 0.7078125 0.7494212962962963 0.022569444444444444 0.011574074074074073
0 0.7395833333333334 0.7540509259259259 0.007638888888888889 0.005787037037037037
0 0.7375 0.7725694444444444 0.009722222222222222 0.017361111111111112
0 0.3814236111111111 0.7245370370370371 0.021875 0.008101851851851851
0 0.5633680555555556 0.7442129629629629 0.0045138888888888885 0.008101851851851851
0 0.5637152777777777 0.7537615740740741 0.008680555555555556 0.004050925925925926
0 0.7361111111111112 0.7557870370370371 0.01597222222222222 0.013888888888888888
0 0.4105902777777778 0.7418981481481481 0.013541666666666667 0.005787037037037037
0 0.41128472222222223 0.7476851851851852 0.010763888888888889 0.004629629629629629
0 0.38055555555555554 0.7346643518518519 0.018055555555555554 0.012152777777777778
