0 0.03125 0.4270833333333333 0.0109375 0.034722222222222224
0 0.037109375 0.5506944444444445 0.01015625 0.034722222222222224
0 0.924609375 0.5277777777777778 0.01015625 0.016666666666666666
0 0.707421875 0.5520833333333334 0.01015625 0.0125
0 0.923828125 0.4930555555555556 0.01171875 0.016666666666666666
0 0.707421875 0.5354166666666667 0.01015625 0.018055555555555554
0 0.92421875 0.5631944444444444 0.0109375 0.015277777777777777
0 0.0359375 0.5159722222222223 0.009375 0.034722222222222224
0 0.924609375 0.5784722222222223 0.01328125 0.0125
0 0.925 0.5465277777777777 0.0109375 0.015277777777777777
0 0.99296875 0.14097222222222222 0.0140625 0.10138888888888889
0 0.6328125 0.4166666666666667 0.0078125 0.027777777777777776
0 0.0328125 0.45416666666666666 0.0125 0.016666666666666666
0 0.033984375 0.48055555555555557 0.01171875 0.03333333333333333
0 0.961328125 0.24861111111111112 0.03515625 0.09722222222222222
0 0.963671875 0.052083333333333336 0.03671875 0.09305555555555556
0 0.962109375 0.15625 0.04140625 0.10416666666666667
0 0.039453125 0.6055555555555555 0.01015625 0.03333333333333333
0 0.924609375 0.5111111111111111 0.01171875 0.013888888888888888
