0 0.6698835784313726 0.4470996732026144 0.03829656862745098 0.051879084967320264
0 0.34972426470588236 0.5032679738562091 0.010723039215686275 0.014705882352941176
0 0.4866727941176471 0.49611928104575165 0.01011029411764706 0.013480392156862746
0 0.24632352941176472 0.4279003267973856 0.07107843137254902 0.04534313725490196
0 0.453125 0.5 0.011642156862745098 0.012254901960784314
0 0.46829044117647056 0.5006127450980392 0.009497549019607842 0.009395424836601307
0 0.48621323529411764 0.5055147058823529 0.004901960784313725 0.0053104575163398695
0 0.22089460784313725 0.41544117647058826 0.012254901960784314 0.010620915032679739
0 0.22074142156862744 0.44199346405228757 0.01011029411764706 0.010620915032679739
0 0.3506433823529412 0.5134803921568627 0.005208333333333333 0.006535947712418301
0 0.44454656862745096 0.5046977124183006 0.00428921568627451 0.0053104575163398695
0 0.4427083333333333 0.5034722222222222 0.009191176470588236 0.010212418300653595
0 0.22196691176470587 0.42810457516339867 0.011948529411764705 0.00980392156862745
