0 0.4111519607843137 0.32046568627450983 0.02144607843137255 0.027369281045751634
0 0.5245098039215687 0.4832516339869281 0.03125 0.011437908496732025
0 0.44286151960784315 0.3188316993464052 0.030330882352941176 0.03145424836601307
0 0.7087928921568627 0.43423202614379086 0.023590686274509803 0.022058823529411766
0 0.5943627450980392 0.37336601307189543 0.07475490196078431 0.027777777777777776
0 0.5528492647058824 0.542687908496732 0.008884803921568627 0.013480392156862746
0 0.7090992647058824 0.4577205882352941 0.020526960784313725 0.01838235294117647
0 0.7089460784313726 0.4758986928104575 0.02267156862745098 0.016339869281045753
0 0.11994485294117647 0.48651960784313725 0.003982843137254902 0.013888888888888888
0 0.26317401960784315 0.5441176470588235 0.0055147058823529415 0.013888888888888888
0 0.7236519607843137 0.41360294117647056 0.0196078431372549 0.02165032679738562
