0 0.24032738095238096 0.667989417989418 0.011904761904761904 0.015873015873015872
0 0.2435515873015873 0.6324404761904762 0.011904761904761904 0.015542328042328041
0 0.05704365079365079 0.6329365079365079 0.015873015873015872 0.018518518518518517
0 0.23797123015873015 0.6861772486772487 0.01066468253968254 0.01455026455026455
0 0.009052579365079366 0.654265873015873 0.018105158730158732 0.010912698412698412
0 0.05381944444444445 0.6550925925925926 0.015873015873015872 0.0205026455026455
0 0.05071924603174603 0.677744708994709 0.01711309523809524 0.01951058201058201
0 0.24193948412698413 0.6501322751322751 0.011160714285714286 0.01455026455026455
0 0.23797123015873015 0.6977513227513228 0.009176587301587302 0.005291005291005291
0 0.007316468253968254 0.6689814814814815 0.014632936507936508 0.013888888888888888
0 0.09461805555555555 0.6903108465608465 0.016121031746031748 0.018187830687830687
0 0.6605902777777778 0.6651785714285714 0.007192460317460317 0.01488095238095238
