0 0.8429021317829457 0.6364664082687338 0.0075096899224806205 0.010012919896640826
0 0.8439922480620154 0.6464793281653747 0.040213178294573645 0.013242894056847546
0 0.846656976744186 0.52406330749354 0.015019379844961241 0.023578811369509043
0 0.5387596899224806 0.6698966408268734 0.015019379844961241 0.020025839793281652
0 0.5201065891472868 0.6715116279069767 0.014534883720930232 0.020025839793281652
0 0.6292393410852714 0.5765503875968992 0.032703488372093026 0.01227390180878553
0 0.5962936046511628 0.5789728682170543 0.030281007751937983 0.012596899224806201
0 0.23473837209302326 0.6136950904392765 0.012596899224806201 0.011627906976744186
0 0.5645591085271318 0.6949289405684754 0.003633720930232558 0.006782945736434108
0 0.580062984496124 0.688468992248062 0.005087209302325582 0.01065891472868217
0 0.6044089147286822 0.6813630490956072 0.006298449612403101 0.011950904392764857
0 0.795906007751938 0.6923449612403101 0.0055717054263565895 0.009366925064599484
