0 0.5953621031746031 0.5094246031746031 0.012152777777777778 0.016203703703703703
0 0.6817956349206349 0.4538690476190476 0.040674603174603176 0.03141534391534392
0 0.5545634920634921 0.5368716931216931 0.00496031746031746 0.007605820105820105
0 0.5933779761904762 0.49619708994708994 0.006696428571428571 0.008928571428571428
0 0.548859126984127 0.5486111111111112 0.00248015873015873 0.004629629629629629
0 0.5699404761904762 0.5360449735449735 0.002976190476190476 0.005291005291005291
0 0.5693204365079365 0.5277777777777778 0.002232142857142857 0.005291005291005291
0 0.5691964285714286 0.5218253968253969 0.00248015873015873 0.005291005291005291
0 0.28757440476190477 0.5853174603174603 0.006200396825396825 0.026455026455026454
0 0.47966269841269843 0.5482804232804233 0.004464285714285714 0.005291005291005291
0 0.5434027777777778 0.5391865079365079 0.002976190476190476 0.004298941798941799
0 0.5595238095238095 0.5340608465608465 0.003472222222222222 0.004629629629629629
0 0.537078373015873 0.5439814814814815 0.002728174603174603 0.0033068783068783067
