0 0.8595281862745098 0.5633169934640523 0.0272671568627451 0.059640522875817
0 0.29212622549019607 0.7209967320261438 0.006433823529411764 0.008169934640522876
0 0.5530024509803921 0.6934232026143791 0.02022058823529412 0.009395424836601307
0 0.32245710784313725 0.7348856209150327 0.01133578431372549 0.013888888888888888
0 0.866421568627451 0.6572712418300654 0.02696078431372549 0.02042483660130719
0 0.8681066176470589 0.6819852941176471 0.02849264705882353 0.03145424836601307
0 0.8638174019607843 0.6188725490196079 0.029105392156862746 0.05800653594771242
0 0.23851102941176472 0.7318218954248366 0.005208333333333333 0.009395424836601307
0 0.5528492647058824 0.704452614379085 0.010723039215686275 0.007761437908496732
0 0.18382352941176472 0.7393790849673203 0.006127450980392157 0.007352941176470588
0 0.5530024509803921 0.6866830065359477 0.0196078431372549 0.00980392156862745
