0 0.41482843137254904 0.28396739130434784 0.007965686274509803 0.01576086956521739
0 0.1646752450980392 0.3358695652173913 0.0070465686274509805 0.011956521739130435
0 0.34681372549019607 0.29538043478260867 0.004901960784313725 0.014673913043478261
0 0.0822610294117647 0.35706521739130437 0.011948529411764705 0.013043478260869565
0 0.08042279411764706 0.34456521739130436 0.010723039215686275 0.011956521739130435
0 0.3226102941176471 0.327445652173913 0.00428921568627451 0.021195652173913043
0 0.07751225490196079 0.3190217391304348 0.012254901960784314 0.013043478260869565
0 0.2896752450980392 0.3244565217391304 0.004595588235294118 0.011956521739130435
0 0.6380208333333334 0.2361413043478261 0.015012254901960785 0.03097826086956522
0 0.07904411764705882 0.33152173913043476 0.011642156862745098 0.013043478260869565
0 0.47058823529411764 0.29157608695652176 0.016544117647058824 0.008152173913043478
0 0.011488970588235295 0.2940217391304348 0.02297794117647059 0.041304347826086954
0 0.7665441176470589 0.2076086956521739 0.009191176470588236 0.016304347826086956
0 0.3085171568627451 0.3190217391304348 0.006740196078431373 0.013043478260869565
0 0.5677083333333334 0.25380434782608696 0.012867647058823529 0.021739130434782608
0 0.766390931372549 0.23125 0.015625 0.03097826086956522
0 0.4143688725490196 0.2728260869565217 0.003982843137254902 0.007608695652173913
0 0.11657475490196079 0.3502717391304348 0.005208333333333333 0.008152173913043478
