0 0.31063988095238093 0.6000330687830688 0.014632936507936508 0.020833333333333332
0 0.47693452380952384 0.5874669312169312 0.01240079365079365 0.018187830687830687
0 0.7121775793650794 0.34424603174603174 0.08953373015873016 0.1765873015873016
0 0.3097718253968254 0.5633267195767195 0.017361111111111112 0.020833333333333332
0 0.47606646825396826 0.5714285714285714 0.019593253968253968 0.01455026455026455
0 0.4742063492063492 0.5573743386243386 0.01636904761904762 0.016865079365079364
0 0.39806547619047616 0.5934193121693122 0.003968253968253968 0.01025132275132275
0 0.31039186507936506 0.5816798941798942 0.023065476190476192 0.01455026455026455
0 0.45337301587301587 0.5871362433862434 0.005456349206349206 0.007605820105820105
0 0.45262896825396826 0.5796957671957672 0.005456349206349206 0.007275132275132275
0 0.4703621031746032 0.5595238095238095 0.012648809523809524 0.013888888888888888
0 0.3978174603174603 0.5849867724867724 0.005456349206349206 0.006613756613756613
