0 0.3215379901960784 0.8063725490196079 0.03829656862745098 0.05310457516339869
0 0.5021446078431373 0.8654003267973857 0.011642156862745098 0.015931372549019607
0 0.7349877450980392 0.8756127450980392 0.011029411764705883 0.015931372549019607
0 0.16850490196078433 0.7028186274509803 0.06311274509803921 0.07802287581699346
0 0.5337009803921569 0.8649918300653595 0.006740196078431373 0.006127450980392157
0 0.9863664215686274 0.8368055555555556 0.02665441176470588 0.05759803921568627
0 0.7152267156862745 0.8819444444444444 0.020526960784313725 0.012254901960784314
0 0.7006740196078431 0.8862336601307189 0.004901960784313725 0.013480392156862746
0 0.9920343137254902 0.8780637254901961 0.015318627450980392 0.024918300653594773
0 0.7005208333333334 0.8954248366013072 0.0070465686274509805 0.004901960784313725
0 0.5338541666666666 0.8545751633986928 0.006433823529411764 0.014705882352941176
