0 0.3463855421686747 0.6989625167336011 0.011295180722891566 0.01639892904953146
0 0.34958584337349397 0.6862449799196787 0.00338855421686747 0.0050200803212851405
0 0.32972515060240964 0.7210508701472557 0.0020707831325301206 0.004350736278447122
0 0.3597515060240964 0.7220548862115127 0.002259036144578313 0.004350736278447122
0 0.3387612951807229 0.7195448460508701 0.0020707831325301206 0.004016064257028112
0 0.34262048192771083 0.7202141900937081 0.002259036144578313 0.00535475234270415
0 0.3512801204819277 0.7203815261044176 0.0018825301204819277 0.0050200803212851405
0 0.348644578313253 0.7203815261044176 0.0018825301204819277 0.004350736278447122
0 0.3647402108433735 0.6864123159303882 0.003953313253012048 0.00535475234270415
0 0.3645519578313253 0.6770414993306559 0.012612951807228916 0.012048192771084338
0 0.37876506024096385 0.677376171352075 0.01355421686746988 0.0107095046854083
0 0.37914156626506024 0.6852409638554217 0.0037650602409638554 0.0050200803212851405
0 0.3679405120481928 0.7064926372155288 0.010353915662650603 0.010040160642570281
0 0.5043298192771084 0.6482597054886211 0.01957831325301205 0.008032128514056224
0 0.33932605421686746 0.7225568942436412 0.004329819277108434 0.008032128514056224
0 0.35137424698795183 0.6775435073627845 0.010730421686746988 0.012382864792503346
0 0.6114457831325302 0.6348728246318608 0.013930722891566265 0.023427041499330656
0 0.2520707831325301 0.5804886211512718 0.04254518072289157 0.071285140562249
0 0.33433734939759036 0.7202141900937081 0.002259036144578313 0.004016064257028112
0 0.6108810240963856 0.6512717536813922 0.015060240963855422 0.008701472556894244
