0 0.033371913580246916 0.4488168724279835 0.028935185185185185 0.03755144032921811
0 0.6963734567901234 0.36882716049382713 0.06404320987654322 0.029835390946502057
0 0.034915123456790126 0.4696502057613169 0.02507716049382716 0.009259259259259259
0 0.5738811728395061 0.21141975308641975 0.11689814814814815 0.037037037037037035
0 0.5746527777777778 0.24717078189300412 0.11689814814814815 0.03446502057613169
0 0.7351466049382716 0.2052469135802469 0.09837962962962964 0.033950617283950615
0 0.6684027777777778 0.1838991769547325 0.03279320987654321 0.073559670781893
0 0.6701388888888888 0.22170781893004116 0.034722222222222224 0.06995884773662552
0 0.2179783950617284 0.42849794238683125 0.018518518518518517 0.029835390946502057
0 0.5638503086419753 0.3942901234567901 0.018132716049382717 0.025205761316872428
