0 0.40625 0.6260212418300654 0.015931372549019607 0.01511437908496732
0 0.484375 0.6529820261437909 0.006127450980392157 0.007761437908496732
0 0.5114889705882353 0.6472630718954249 0.009497549019607842 0.013480392156862746
0 0.5758272058823529 0.6458333333333334 0.010723039215686275 0.013888888888888888
0 0.28400735294117646 0.6599264705882353 0.0055147058823529415 0.006944444444444444
0 0.7153799019607843 0.6444035947712419 0.003676470588235294 0.009395424836601307
0 0.7159926470588235 0.6521650326797386 0.004901960784313725 0.0053104575163398695
0 0.22518382352941177 0.6587009803921569 0.004901960784313725 0.007761437908496732
0 0.6537990196078431 0.6523692810457516 0.00857843137254902 0.011437908496732025
0 0.1636029411764706 0.6554330065359477 0.007965686274509803 0.010212418300653595
