0 0.7850961538461538 0.5810897435897436 0.009134615384615385 0.010897435897435897
0 0.575 0.5714743589743589 0.007211538461538462 0.009615384615384616
0 0.6866586538461539 0.5993589743589743 0.005528846153846154 0.007051282051282051
0 0.7852163461538462 0.5932692307692308 0.010336538461538461 0.014743589743589743
0 0.6864182692307692 0.5927884615384615 0.004086538461538462 0.00608974358974359
0 0.6699519230769231 0.5908653846153846 0.006730769230769231 0.009294871794871795
0 0.5751201923076923 0.5745192307692307 0.008894230769230769 0.01891025641025641
0 0.684375 0.6006410256410256 0.004807692307692308 0.0057692307692307696
0 0.7829326923076924 0.5259615384615385 0.007211538461538462 0.010897435897435897
0 0.7938701923076923 0.5192307692307693 0.03533653846153846 0.027564102564102563
0 0.7131009615384616 0.5625 0.01610576923076923 0.010897435897435897
0 0.7078125 0.5596153846153846 0.003605769230769231 0.0057692307692307696
