0 0.45677083333333335 0.3993055555555556 0.03854166666666667 0.08842592592592592
0 0.47096354166666665 0.3685185185185185 0.00703125 0.012037037037037037
0 0.7236979166666667 0.4 0.008854166666666666 0.017592592592592594
0 0.7247395833333333 0.444212962962963 0.0078125 0.014351851851851852
0 0.7412760416666667 0.45555555555555555 0.018489583333333334 0.030555555555555555
0 0.7526041666666666 0.38634259259259257 0.0203125 0.034722222222222224
0 0.5223958333333333 0.37060185185185185 0.014583333333333334 0.020833333333333332
0 0.4493489583333333 0.3814814814814815 0.02109375 0.03888888888888889
0 0.44947916666666665 0.41944444444444445 0.020833333333333332 0.03611111111111111
0 0.4674479166666667 0.4236111111111111 0.014583333333333334 0.03333333333333333
0 0.46783854166666666 0.3886574074074074 0.01484375 0.03657407407407407
