0 0.4636044176706827 0.7245649263721553 0.02610441767068273 0.03614457831325301
0 0.2835090361445783 0.5821619812583668 0.018323293172690762 0.025100401606425703
0 0.3133785140562249 0.6430722891566265 0.08960843373493976 0.07396251673360107
0 0.48732429718875503 0.7233935742971888 0.011295180722891566 0.014390896921017403
0 0.31187248995983935 0.7023092369477911 0.08910642570281124 0.0391566265060241
0 0.3104919678714859 0.7434738955823293 0.08785140562248996 0.03714859437751004
0 0.5389056224899599 0.7357764390896921 0.0050200803212851405 0.004350736278447122
0 0.5386546184738956 0.7295850066934404 0.005522088353413655 0.007362784471218206
0 0.3152610441767068 0.5843373493975904 0.08835341365461848 0.03815261044176707
0 0.5481927710843374 0.7436412315930389 0.002008032128514056 0.006024096385542169
0 0.5387801204819277 0.7237282463186078 0.005271084337349397 0.003681392235609103
0 0.48732429718875503 0.7352744310575636 0.006275100401606426 0.006693440428380187
0 0.6242469879518072 0.7344377510040161 0.0050200803212851405 0.007028112449799197
