0 0.4106104651162791 0.5478 0.0048449612403100775 0.0124
0 0.8009932170542635 0.5174 0.034156976744186045 0.0812
0 0.423328488372093 0.5584 0.02446705426356589 0.012
0 0.1769622093023256 0.5656 0.003633720930232558 0.0144
0 0.17902131782945738 0.5672 0.003875968992248062 0.0088
0 0.3959544573643411 0.5532 0.002180232558139535 0.0104
0 0.17684108527131784 0.5554 0.0029069767441860465 0.0044
0 0.4163032945736434 0.5692 0.006056201550387597 0.0144
0 0.3959544573643411 0.5416 0.002180232558139535 0.0128
0 0.4121850775193798 0.5588 0.007025193798449613 0.0112
