0 0.6744791666666666 0.6345996732026143 0.014399509803921568 0.01919934640522876
0 0.5810355392156863 0.7032271241830066 0.021139705882352942 0.014297385620915032
0 0.5356924019607843 0.7097630718954249 0.0070465686274509805 0.004493464052287581
0 0.5649509803921569 0.7111928104575164 0.00980392156862745 0.006535947712418301
0 0.6784620098039216 0.5680147058823529 0.03829656862745098 0.026552287581699346
0 0.7887561274509803 0.6787173202614379 0.0070465686274509805 0.01838235294117647
0 0.6807598039215687 0.619281045751634 0.04105392156862745 0.07924836601307189
0 0.6381740196078431 0.7250816993464052 0.003676470588235294 0.008169934640522876
0 0.5951286764705882 0.522671568627451 0.1210171568627451 0.08292483660130719
0 0.6729473039215687 0.6133578431372549 0.013786764705882353 0.01919934640522876
0 0.688265931372549 0.5919117647058824 0.014399509803921568 0.018790849673202614
0 0.7607230392156863 0.5104166666666666 0.13051470588235295 0.08619281045751634
0 0.7904411764705882 0.6983251633986928 0.010416666666666666 0.020016339869281044
0 0.6721813725490197 0.5933415032679739 0.014093137254901961 0.01838235294117647
0 0.6893382352941176 0.6125408496732027 0.014093137254901961 0.01919934640522876
0 0.6905637254901961 0.6331699346405228 0.014093137254901961 0.017973856209150325
0 0.6371017156862745 0.715890522875817 0.003982843137254902 0.006944444444444444
0 0.694546568627451 0.7107843137254902 0.010416666666666666 0.011437908496732025
