0 0.645703125 0.562962962962963 0.006510416666666667 0.010185185185185186
0 0.9356770833333333 0.4136574074074074 0.0140625 0.06712962962962964
0 0.3397135416666667 0.48518518518518516 0.012239583333333333 0.027777777777777776
0 0.36627604166666666 0.5011574074074074 0.01328125 0.0125
0 0.28411458333333334 0.5333333333333333 0.04375 0.07222222222222222
0 0.2845052083333333 0.46041666666666664 0.04296875 0.07175925925925926
0 0.32578125 0.48842592592592593 0.009375 0.04351851851851852
0 0.9412760416666667 0.45208333333333334 0.00546875 0.03287037037037037
0 0.32526041666666666 0.5319444444444444 0.015104166666666667 0.044444444444444446
0 0.5384114583333334 0.5196759259259259 0.007552083333333333 0.0125
0 0.669140625 0.5863425925925926 0.0033854166666666668 0.0060185185185185185
0 0.6705729166666666 0.5960648148148148 0.00625 0.02638888888888889
0 0.285546875 0.399537037037037 0.028385416666666666 0.046296296296296294
0 0.537890625 0.5016203703703703 0.00703125 0.013425925925925926
0 0.3140625 0.5965277777777778 0.007291666666666667 0.013425925925925926
0 0.5299479166666666 0.5027777777777778 0.03802083333333333 0.019444444444444445
0 0.623828125 0.5796296296296296 0.008072916666666667 0.012962962962962963
0 0.70703125 0.5375 0.008333333333333333 0.03518518518518519
0 0.7559895833333333 0.5780092592592593 0.004166666666666667 0.0060185185185185185
0 0.521484375 0.4858796296296296 0.007552083333333333 0.013425925925925926
0 0.53046875 0.5201388888888889 0.03697916666666667 0.01898148148148148
0 0.5736979166666667 0.5118055555555555 0.0171875 0.0125
0 0.6239583333333333 0.5708333333333333 0.0078125 0.004629629629629629
0 0.6240885416666667 0.5886574074074075 0.008072916666666667 0.005092592592592593
0 0.5298177083333333 0.4847222222222222 0.037760416666666664 0.020370370370370372
0 0.6153645833333333 0.5627314814814814 0.0078125 0.013425925925925926
0 0.6236979166666666 0.562037037037037 0.007291666666666667 0.012962962962962963
0 0.755859375 0.5701388888888889 0.0049479166666666664 0.008796296296296297
0 0.6462239583333333 0.5738425925925926 0.006510416666666667 0.009722222222222222
0 0.6692708333333334 0.5935185185185186 0.003125 0.005555555555555556
0 0.957421875 0.4532407407407407 0.009114583333333334 0.016666666666666666
