0 0.6619178921568627 0.3972630718954248 0.013786764705882353 0.01838235294117647
0 0.5402879901960784 0.42626633986928103 0.008884803921568627 0.01184640522875817
0 0.6616115196078431 0.41605392156862747 0.014399509803921568 0.01919934640522876
0 0.6936274509803921 0.41544117647058826 0.004901960784313725 0.02042483660130719
0 0.5185355392156863 0.4256535947712418 0.006433823529411764 0.00980392156862745
0 0.6937806372549019 0.42116013071895425 0.0070465686274509805 0.04330065359477124
0 0.5220588235294118 0.4375 0.006127450980392157 0.005718954248366013
0 0.47472426470588236 0.4389297385620915 0.003982843137254902 0.0053104575163398695
0 0.5114889705882353 0.41360294117647056 0.0033700980392156864 0.006944444444444444
0 0.4820772058823529 0.42544934640522875 0.0033700980392156864 0.007761437908496732
0 0.5185355392156863 0.4325980392156863 0.004595588235294118 0.005718954248366013
0 0.48391544117647056 0.4303513071895425 0.0027573529411764708 0.0053104575163398695
0 0.4794730392156863 0.4309640522875817 0.003676470588235294 0.006535947712418301
