0 0.4547371031746032 0.7784391534391535 0.012152777777777778 0.016534391534391533
0 0.6186755952380952 0.7696759259259259 0.012152777777777778 0.034722222222222224
0 0.6355406746031746 0.7592592592592593 0.006200396825396825 0.013888888888888888
0 0.24739583333333334 0.7757936507936508 0.006696428571428571 0.013227513227513227
0 0.4654017857142857 0.7409060846560847 0.018601190476190476 0.008928571428571428
0 0.47346230158730157 0.6727843915343915 0.02628968253968254 0.010912698412698412
0 0.47346230158730157 0.6879960317460317 0.027281746031746032 0.011574074074074073
0 0.8092757936507936 0.8313492063492064 0.030753968253968252 0.027777777777777776
0 0.6375248015873016 0.7630621693121693 0.014632936507936508 0.017526455026455025
0 0.22891865079365079 0.7726521164021164 0.005456349206349206 0.012896825396825396
0 0.4728422619047619 0.7037037037037037 0.02703373015873016 0.011243386243386243
