0 0.8797487745098039 0.6554330065359477 0.040747549019607844 0.05024509803921569
0 0.8915441176470589 0.5663807189542484 0.09129901960784313 0.024101307189542485
0 0.8915441176470589 0.5866013071895425 0.07720588235294118 0.018790849673202614
0 0.7768075980392157 0.5095996732026143 0.018688725490196078 0.034722222222222224
0 0.8912377450980392 0.6058006535947712 0.07659313725490197 0.0196078431372549
0 0.8921568627450981 0.542687908496732 0.09068627450980392 0.023284313725490197
0 0.8921568627450981 0.519812091503268 0.09129901960784313 0.02246732026143791
0 0.8924632352941176 0.4957107843137255 0.09129901960784313 0.02246732026143791
0 0.6443014705882353 0.5571895424836601 0.00857843137254902 0.016339869281045753
0 0.8802083333333334 0.6182598039215687 0.03308823529411765 0.02246732026143791
0 0.48360906862745096 0.5753676470588235 0.005208333333333333 0.007761437908496732
0 0.9243259803921569 0.6327614379084967 0.03982843137254902 0.05310457516339869
0 0.38465073529411764 0.5508578431372549 0.015012254901960785 0.020016339869281044
0 0.7012867647058824 0.5649509803921569 0.007352941176470588 0.011437908496732025
0 0.5972732843137255 0.5547385620915033 0.006433823529411764 0.008986928104575163
0 0.7009803921568627 0.5504493464052288 0.009191176470588236 0.013480392156862746
0 0.8929227941176471 0.47324346405228757 0.09160539215686274 0.024918300653594773
0 0.6326593137254902 0.6225490196078431 0.02696078431372549 0.03594771241830065
0 0.5971200980392157 0.5629084967320261 0.004901960784313725 0.006535947712418301
