0 0.8039434523809523 0.14699074074074073 0.08209325396825397 0.14715608465608465
0 0.4035218253968254 0.5193452380952381 0.006944444444444444 0.00958994708994709
0 0.34089781746031744 0.48544973544973546 0.005208333333333333 0.006613756613756613
0 0.31646825396825395 0.49503968253968256 0.02132936507936508 0.032407407407407406
0 0.3169642857142857 0.484292328042328 0.005456349206349206 0.006944444444444444
0 0.33271329365079366 0.4849537037037037 0.004712301587301587 0.006283068783068783
0 0.3368055555555556 0.49619708994708994 0.019345238095238096 0.03273809523809524
0 0.2527281746031746 0.5289351851851852 0.002976190476190476 0.012896825396825396
0 0.3524305555555556 0.48561507936507936 0.004464285714285714 0.007605820105820105
0 0.35813492063492064 0.4966931216931217 0.023313492063492064 0.03306878306878307
0 0.41703869047619047 0.5115740740740741 0.007192460317460317 0.00992063492063492
0 0.4618055555555556 0.49867724867724866 0.012896825396825396 0.016534391534391533
0 0.4619295634920635 0.4988425925925926 0.020089285714285716 0.04133597883597884
0 0.41691468253968256 0.5200066137566137 0.014384920634920634 0.028108465608465607
0 0.4269593253968254 0.5041335978835979 0.005208333333333333 0.007605820105820105
0 0.43278769841269843 0.5132275132275133 0.023809523809523808 0.028439153439153438
0 0.23660714285714285 0.5188492063492064 0.011904761904761904 0.0205026455026455
0 0.3611111111111111 0.48544973544973546 0.00496031746031746 0.007275132275132275
0 0.40327380952380953 0.5257936507936508 0.006448412698412698 0.005952380952380952
