0 0.7245689655172414 0.5153735632183908 0.014655172413793103 0.019252873563218392
0 0.5959051724137931 0.5636494252873563 0.010344827586206896 0.008908045977011494
0 0.19073275862068967 0.6146551724137931 0.005603448275862069 0.008045977011494253
0 0.5136853448275862 0.6135057471264368 0.0028017241379310344 0.008620689655172414
0 0.27252155172413794 0.5952586206896552 0.011422413793103449 0.00603448275862069
0 0.5647629310344827 0.5774425287356322 0.007974137931034483 0.00603448275862069
0 0.19051724137931034 0.6160919540229886 0.008189655172413794 0.013218390804597701
0 0.5650862068965518 0.5831896551724138 0.009051724137931035 0.00603448275862069
0 0.5957974137931035 0.5800287356321839 0.010560344827586207 0.007758620689655172
0 0.5022629310344827 0.6145114942528735 0.003663793103448276 0.004885057471264368
0 0.5959051724137931 0.5492816091954023 0.015086206896551725 0.019827586206896553
0 0.5219827586206897 0.6044540229885057 0.0034482758620689655 0.013505747126436781
0 0.7248922413793103 0.5294540229885057 0.014870689655172414 0.010632183908045977
0 0.5956896551724138 0.5722701149425288 0.010775862068965518 0.008333333333333333
0 0.6446120689655173 0.49439655172413793 0.04267241379310345 0.05775862068965517
0 0.7635775862068965 0.5061781609195403 0.023706896551724137 0.010632183908045977
0 0.5648706896551724 0.5902298850574713 0.011206896551724138 0.008045977011494253
0 0.8543103448275862 0.4923850574712644 0.02456896551724138 0.060057471264367814
0 0.5645474137931035 0.5675287356321839 0.010560344827586207 0.013218390804597701
0 0.7503232758620689 0.525 0.028663793103448274 0.016091954022988506
0 0.4331896551724138 0.6297413793103448 0.00603448275862069 0.008333333333333333
0 0.8538793103448276 0.4879310344827586 0.013793103448275862 0.034482758620689655
0 0.7512931034482758 0.5395114942528736 0.015948275862068966 0.015804597701149427
0 0.502801724137931 0.6077586206896551 0.002586206896551724 0.0034482758620689655
