0 0.767609126984127 0.6603835978835979 0.03273809523809524 0.03968253968253968
0 0.5202132936507936 0.6868386243386243 0.006696428571428571 0.00992063492063492
0 0.5085565476190477 0.6906415343915344 0.006696428571428571 0.008267195767195767
0 0.5197172619047619 0.6764219576719577 0.008680555555555556 0.011574074074074073
0 0.7643849206349206 0.6221891534391535 0.031746031746031744 0.040013227513227514
0 0.5168650793650794 0.6911375661375662 0.008928571428571428 0.010582010582010581
0 0.560515873015873 0.6595568783068783 0.00744047619047619 0.015542328042328041
0 0.5102926587301587 0.699239417989418 0.005208333333333333 0.006283068783068783
0 0.5043402777777778 0.6989087301587301 0.005208333333333333 0.005621693121693121
0 0.5213293650793651 0.699239417989418 0.004464285714285714 0.01488095238095238
0 0.5157490079365079 0.699239417989418 0.005208333333333333 0.005621693121693121
0 0.3617311507936508 0.6653439153439153 0.005208333333333333 0.008597883597883597
