0 0.119140625 0.5094039351851852 0.00535300925925926 0.014178240740740741
0 0.9185474537037037 0.47670717592592593 0.006076388888888889 0.01765046296296296
0 0.11942997685185185 0.5214120370370371 0.00390625 0.009837962962962963
0 0.1193576388888889 0.49580439814814814 0.003472222222222222 0.009548611111111112
0 0.4925491898148148 0.5096932870370371 0.002170138888888889 0.004340277777777778
0 0.04506655092592592 0.5059317129629629 0.010561342592592593 0.006076388888888889
0 0.09483506944444445 0.5107060185185185 0.0027488425925925927 0.00636574074074074
0 0.0716869212962963 0.5131655092592593 0.002170138888888889 0.00318287037037037
0 0.09461805555555555 0.5159143518518519 0.00318287037037037 0.003472222222222222
0 0.9411168981481481 0.4869791666666667 0.0014467592592592592 0.011574074074074073
