0 0.2870008680555556 0.4869791666666667 0.012369791666666666 0.01273148148148148
0 0.4404296875 0.47670717592592593 0.009765625 0.011863425925925927
0 0.3715277777777778 0.5017361111111112 0.0078125 0.009259259259259259
0 0.8362630208333334 0.46686921296296297 0.003689236111111111 0.005497685185185185
0 0.5317925347222222 0.44328703703703703 0.019314236111111112 0.02546296296296296
0 0.5319010416666666 0.4173900462962963 0.018663194444444444 0.027488425925925927
0 0.5281032986111112 0.4114583333333333 0.007595486111111111 0.009837962962962963
0 0.5279947916666666 0.42173032407407407 0.0078125 0.009548611111111112
0 0.8363715277777778 0.4769965277777778 0.00390625 0.005497685185185185
0 0.8361545138888888 0.47236689814814814 0.003472222222222222 0.00318287037037037
0 0.5355902777777778 0.4114583333333333 0.007378472222222222 0.008680555555555556
0 0.7532552083333334 0.4752604166666667 0.0078125 0.004340277777777778
