0 0.06361607142857142 0.5978835978835979 0.011656746031746032 0.015873015873015872
0 0.1888640873015873 0.660218253968254 0.03149801587301587 0.05654761904761905
0 0.21899801587301587 0.44907407407407407 0.07291666666666667 0.03439153439153439
0 0.21726190476190477 0.47619047619047616 0.07192460317460317 0.03571428571428571
0 0.21081349206349206 0.5462962962962963 0.07242063492063493 0.028439153439153438
0 0.21341765873015872 0.5244708994708994 0.0716765873015873 0.03042328042328042
0 0.2152777777777778 0.5008267195767195 0.07242063492063493 0.030753968253968252
0 0.3167162698412698 0.5795304232804233 0.023313492063492064 0.030753968253968252
0 0.31460813492063494 0.6006944444444444 0.011656746031746032 0.012235449735449735
0 0.39546130952380953 0.5838293650793651 0.016121031746031748 0.02546296296296296
0 0.5677083333333334 0.5958994708994709 0.018849206349206348 0.025793650793650792
