0 0.47778614457831325 0.5450133868808568 0.010291164658634538 0.019076305220883535
0 0.48857931726907633 0.5192436412315931 0.00426706827309237 0.009036144578313253
0 0.48933232931726905 0.5284471218206158 0.017319277108433735 0.0214190093708166
0 0.428714859437751 0.5097054886211513 0.006526104417670682 0.013386880856760375
0 0.45896084337349397 0.5498661311914324 0.00677710843373494 0.004016064257028112
0 0.46623995983935745 0.5619143239625167 0.003263052208835341 0.007362784471218206
0 0.4892068273092369 0.5264390896921017 0.007028112449799197 0.00535475234270415
0 0.32316767068273095 0.5858433734939759 0.00426706827309237 0.006358768406961178
0 0.32279116465863456 0.5781459170013387 0.0035140562248995983 0.005689424364123159
0 0.4590863453815261 0.5550535475234271 0.006526104417670682 0.006358768406961178
