0 0.6105862403100775 0.4635012919896641 0.025920542635658916 0.034237726098191215
0 0.6882267441860465 0.2751937984496124 0.09302325581395349 0.07364341085271318
0 0.36167635658914726 0.6224160206718347 0.011143410852713179 0.014211886304909561
0 0.8029312015503876 0.5986757105943152 0.030281007751937983 0.048772609819121446
0 0.7925145348837209 0.4662467700258398 0.025436046511627907 0.0332687338501292
0 0.5220445736434108 0.2766472868217054 0.09108527131782945 0.07267441860465117
0 0.5228924418604651 0.45526485788113696 0.14607558139534885 0.0539405684754522
0 0.6119186046511628 0.5910852713178295 0.027616279069767442 0.04844961240310078
0 0.5397286821705426 0.5946382428940569 0.01695736434108527 0.008397932816537468
0 0.44488856589147285 0.5505490956072352 0.03173449612403101 0.0377906976744186
0 0.5254360465116279 0.6049741602067183 0.005329457364341085 0.008397932816537468
0 0.5858769379844961 0.5553940568475452 0.032703488372093026 0.038436692506459945
0 0.3034156976744186 0.5455426356589147 0.032703488372093026 0.03940568475452196
0 0.5197432170542635 0.6093346253229974 0.003633720930232558 0.006136950904392765
