0 0.4295572916666667 0.7518518518518519 0.01484375 0.025925925925925925
0 0.428125 0.7706018518518518 0.011458333333333333 0.013425925925925926
0 0.090234375 0.5745370370370371 0.07421875 0.0824074074074074
0 0.50625 0.8069444444444445 0.0067708333333333336 0.009259259259259259
0 0.344140625 0.7590277777777777 0.0049479166666666664 0.011574074074074073
0 0.5625 0.8173611111111111 0.0036458333333333334 0.006944444444444444
0 0.9166666666666666 0.743287037037037 0.0109375 0.02824074074074074
0 0.20494791666666667 0.6650462962962963 0.019791666666666666 0.04953703703703704
0 0.07916666666666666 0.6152777777777778 0.0671875 0.05740740740740741
0 0.5173177083333333 0.8127314814814814 0.0033854166666666668 0.0060185185185185185
0 0.50625 0.8148148148148148 0.0036458333333333334 0.005555555555555556
0 0.4276041666666667 0.7856481481481481 0.0046875 0.016666666666666666
0 0.379296875 0.7631944444444444 0.0033854166666666668 0.013425925925925926
