0 0.5408266129032258 0.6376008064516129 0.011592741935483871 0.015120967741935484
0 0.37260584677419356 0.6811155913978495 0.010836693548387098 0.01478494623655914
0 0.6466733870967742 0.6483534946236559 0.007560483870967742 0.009744623655913979
0 0.4652217741935484 0.6760752688172043 0.009576612903225807 0.01478494623655914
0 0.5272177419354839 0.6705309139784946 0.005040322580645161 0.006384408602150538
0 0.5181451612903226 0.6717069892473119 0.0030241935483870967 0.0114247311827957
0 0.7609627016129032 0.6510416666666666 0.004788306451612903 0.008400537634408602
0 0.5408266129032258 0.6478494623655914 0.00655241935483871 0.003360215053763441
0 0.5065524193548387 0.6532258064516129 0.0045362903225806455 0.00739247311827957
0 0.5138608870967742 0.6365927419354839 0.011088709677419355 0.01310483870967742
0 0.7027469758064516 0.665994623655914 0.004284274193548387 0.005376344086021506
0 0.5144909274193549 0.6412970430107527 0.008316532258064516 0.011760752688172043
0 0.7026209677419355 0.6612903225806451 0.005040322580645161 0.005376344086021506
0 0.15751008064516128 0.6088709677419355 0.008064516129032258 0.003360215053763441
0 0.4788306451612903 0.6755712365591398 0.0045362903225806455 0.005040322580645161
0 0.1640625 0.6144153225806451 0.008568548387096774 0.004368279569892473
