0 0.5122335271317829 0.6779715762273901 0.005087209302325582 0.0071059431524547806
0 0.532218992248062 0.6742571059431525 0.00436046511627907 0.006136950904392765
0 0.6196705426356589 0.6106266149870802 0.014050387596899225 0.01905684754521964
0 0.1583091085271318 0.685077519379845 0.0055717054263565895 0.0071059431524547806
0 0.9554263565891473 0.42958656330749356 0.04312015503875969 0.05555555555555555
0 0.40915697674418605 0.6647286821705426 0.003875968992248062 0.004521963824289405
0 0.9651162790697675 0.49111757105943155 0.026647286821705425 0.058462532299741604
0 0.5319767441860465 0.6800710594315246 0.003875968992248062 0.0029069767441860465
0 0.5319767441860465 0.6671511627906976 0.015503875968992248 0.006782945736434108
0 0.43410852713178294 0.6631136950904393 0.003391472868217054 0.004521963824289405
0 0.15782461240310078 0.6908914728682171 0.0055717054263565895 0.003875968992248062
0 0.40903585271317827 0.6686046511627907 0.004602713178294574 0.003875968992248062
0 0.49939437984496127 0.6728036175710594 0.004602713178294574 0.004521963824289405
