0 0.7468998015873016 0.4654431216931217 0.017609126984126984 0.022156084656084655
0 0.5188492063492064 0.4861111111111111 0.004464285714285714 0.017857142857142856
0 0.4857390873015873 0.484457671957672 0.003224206349206349 0.01521164021164021
0 0.46279761904761907 0.4834656084656085 0.00248015873015873 0.012566137566137565
0 0.30344742063492064 0.4497354497354497 0.016121031746031748 0.03306878306878307
0 0.4599454365079365 0.47354497354497355 0.003224206349206349 0.003968253968253968
0 0.7204861111111112 0.5008267195767195 0.010416666666666666 0.03736772486772487
0 0.558655753968254 0.48660714285714285 0.005208333333333333 0.018187830687830687
0 0.47346230158730157 0.47007275132275134 0.005952380952380952 0.008267195767195767
0 0.31907242063492064 0.46742724867724866 0.005208333333333333 0.007605820105820105
0 0.2506200396825397 0.3968253968253968 0.022569444444444444 0.037037037037037035
0 0.7436755952380952 0.43882275132275134 0.029017857142857144 0.037037037037037035
0 0.7216021825396826 0.46941137566137564 0.018105158730158732 0.026785714285714284
0 0.25186011904761907 0.4267526455026455 0.020089285714285716 0.023478835978835978
0 0.09213789682539683 0.37566137566137564 0.11383928571428571 0.2037037037037037
0 0.5035962301587301 0.4828042328042328 0.001736111111111111 0.006613756613756613
