0 0.8328737745098039 0.3417075163398693 0.013174019607843137 0.015931372549019607
0 0.6645220588235294 0.3417075163398693 0.03370098039215686 0.04534313725490196
0 0.46767769607843135 0.39501633986928103 0.005208333333333333 0.010620915032679739
0 0.6628370098039216 0.31719771241830064 0.0070465686274509805 0.009395424836601307
0 0.6446078431372549 0.3284313725490196 0.011642156862745098 0.011437908496732025
0 0.4684436274509804 0.4035947712418301 0.0055147058823529415 0.005718954248366013
0 0.6539522058823529 0.3388480392156863 0.01685049019607843 0.010212418300653595
0 0.9200367647058824 0.3314950980392157 0.007352941176470588 0.012663398692810458
0 0.6539522058823529 0.3527369281045752 0.015625 0.013480392156862746
0 0.8331801470588235 0.3300653594771242 0.0070465686274509805 0.007352941176470588
