0 0.5176957831325302 0.5848393574297188 0.015311244979919678 0.01706827309236948
0 0.34375 0.55404953145917 0.00426706827309237 0.006358768406961178
0 0.30384036144578314 0.5918674698795181 0.005271084337349397 0.007028112449799197
0 0.3221636546184739 0.5542168674698795 0.005271084337349397 0.006693440428380187
0 0.3630773092369478 0.5958835341365462 0.0057730923694779114 0.006358768406961178
0 0.2503765060240964 0.5928714859437751 0.005271084337349397 0.006358768406961178
0 0.32756024096385544 0.5567269076305221 0.016566265060240965 0.023761713520749666
0 0.34927208835341367 0.5589022757697456 0.02133534136546185 0.019410977242302542
0 0.3514056224899598 0.6035809906291834 0.0025100401606425703 0.003681392235609103
0 0.32806224899598396 0.5594042838018741 0.005522088353413655 0.0050200803212851405
0 0.3073544176706827 0.5582329317269076 0.005271084337349397 0.007362784471218206
0 0.5181977911646586 0.571954484605087 0.015311244979919678 0.009370816599732263
0 0.2710843373493976 0.5848393574297188 0.011546184738955823 0.015060240963855422
0 0.4126506024096386 0.5846720214190094 0.01104417670682731 0.014725568942436412
0 0.30747991967871485 0.5563922356091031 0.021586345381526106 0.024431057563587683
0 0.35190763052208834 0.5466867469879518 0.01706827309236948 0.0050200803212851405
0 0.3204066265060241 0.5962182061579652 0.002259036144578313 0.003681392235609103
0 0.517570281124498 0.5796519410977242 0.01606425702811245 0.02744310575635877
