0 0.7045572916666667 0.60625 0.012239583333333333 0.01898148148148148
0 0.2359375 0.6136574074074074 0.011979166666666667 0.01990740740740741
0 0.8111979166666666 0.6076388888888888 0.0067708333333333336 0.0125
0 0.757421875 0.6476851851851851 0.07526041666666666 0.12777777777777777
0 0.4765625 0.6164351851851851 0.004166666666666667 0.006944444444444444
0 0.853515625 0.6094907407407407 0.00703125 0.015277777777777777
0 0.18541666666666667 0.606712962962963 0.015104166666666667 0.02546296296296296
0 0.8118489583333334 0.6217592592592592 0.00703125 0.014814814814814815
0 0.48880208333333336 0.6388888888888888 0.0026041666666666665 0.012037037037037037
0 0.63671875 0.5939814814814814 0.011979166666666667 0.006481481481481481
0 0.8102864583333333 0.5958333333333333 0.002864583333333333 0.007407407407407408
0 0.5799479166666667 0.5993055555555555 0.004166666666666667 0.0125
0 0.8104166666666667 0.5939814814814814 0.00625 0.014814814814814815
0 0.4303385416666667 0.6030092592592593 0.0033854166666666668 0.006944444444444444
