0 0.5287698412698413 0.4305555555555556 0.003968253968253968 0.005291005291005291
0 0.5358382936507936 0.42857142857142855 0.004216269841269841 0.005952380952380952
0 0.7337549603174603 0.416005291005291 0.005208333333333333 0.006613756613756613
0 0.7354910714285714 0.4279100529100529 0.023561507936507936 0.018518518518518517
0 0.7313988095238095 0.43253968253968256 0.003968253968253968 0.005291005291005291
0 0.7317708333333334 0.4269179894179894 0.004216269841269841 0.004629629629629629
0 0.4479166666666667 0.42476851851851855 0.011904761904761904 0.0023148148148148147
0 0.7371031746031746 0.4156746031746032 0.025793650793650792 0.010582010582010581
0 0.13442460317460317 0.4307208994708995 0.00496031746031746 0.012235449735449735
0 0.13442460317460317 0.40162037037037035 0.011408730158730158 0.018849206349206348
