0 0.8993566176470589 0.45669934640522875 0.02665441176470588 0.049564270152505446
0 0.8465073529411765 0.5106209150326797 0.03982843137254902 0.0659041394335512
0 0.4241727941176471 0.5296840958605664 0.010723039215686275 0.021241830065359478
0 0.3941482843137255 0.32080610021786493 0.0818014705882353 0.030501089324618737
0 0.38449754901960786 0.5291394335511983 0.04656862745098039 0.029956427015250545
0 0.8982843137254902 0.49537037037037035 0.022058823529411766 0.02886710239651416
0 0.3872549019607843 0.2960239651416122 0.025122549019607844 0.017973856209150325
0 0.3949142156862745 0.3540305010893246 0.07965686274509803 0.0392156862745098
0 0.3947610294117647 0.38507625272331153 0.07935049019607843 0.026143790849673203
0 0.5914522058823529 0.46949891067538124 0.02297794117647059 0.00980392156862745
