0 0.6996527777777778 0.6061507936507936 0.08234126984126984 0.06613756613756613
0 0.3970734126984127 0.621031746031746 0.011904761904761904 0.016534391534391533
0 0.27194940476190477 0.5747354497354498 0.034970238095238096 0.05555555555555555
0 0.39632936507936506 0.6345899470899471 0.011904761904761904 0.010582010582010581
0 0.4820188492063492 0.6154100529100529 0.006200396825396825 0.003968253968253968
0 0.9146825396825397 0.6001984126984127 0.029265873015873016 0.047619047619047616
0 0.7275545634920635 0.5686177248677249 0.026041666666666668 0.016203703703703703
0 0.4885912698412698 0.6264880952380952 0.004464285714285714 0.010912698412698412
0 0.5394345238095238 0.6469907407407407 0.002976190476190476 0.002976190476190476
0 0.5178571428571429 0.636739417989418 0.015376984126984126 0.017526455026455025
0 0.5394345238095238 0.6418650793650794 0.003472222222222222 0.006613756613756613
