0 0.4313701923076923 0.5399038461538461 0.018028846153846152 0.023397435897435898
0 0.5131009615384615 0.5131410256410256 0.01658653846153846 0.016666666666666666
0 0.5793269230769231 0.5139423076923076 0.016826923076923076 0.015064102564102564
0 0.6361778846153846 0.5123397435897435 0.01658653846153846 0.016987179487179486
0 0.6787259615384615 0.5701923076923077 0.015625 0.01858974358974359
0 0.4328125 0.579647435897436 0.014182692307692308 0.016987179487179486
0 0.6038461538461538 0.5883012820512821 0.007211538461538462 0.009294871794871795
0 0.07367788461538462 0.5626602564102564 0.03581730769230769 0.0342948717948718
0 0.7194711538461539 0.5684294871794872 0.015384615384615385 0.01826923076923077
0 0.43233173076923076 0.5618589743589744 0.014663461538461538 0.01987179487179487
0 0.08245192307692308 0.5366987179487179 0.01875 0.015064102564102564
0 0.32271634615384615 0.5939102564102564 0.007932692307692307 0.010256410256410256
0 0.6025240384615385 0.5788461538461539 0.007932692307692307 0.009615384615384616
