0 0.5489501953125 0.5664351851851852 0.006103515625 0.010648148148148148
0 0.445068359375 0.5717592592592593 0.00537109375 0.010185185185185186
0 0.03759765625 0.5826388888888889 0.02099609375 0.009722222222222222
0 0.1705322265625 0.5791666666666667 0.003662109375 0.008333333333333333
0 0.099609375 0.5905092592592592 0.00341796875 0.0125
0 0.170654296875 0.5703703703703704 0.00341796875 0.009259259259259259
0 0.2685546875 0.5847222222222223 0.0068359375 0.010185185185185186
0 0.1705322265625 0.5606481481481481 0.003662109375 0.010185185185185186
0 0.559814453125 0.6011574074074074 0.00732421875 0.008796296296296297
0 0.851806640625 0.5796296296296296 0.00244140625 0.010185185185185186
0 0.8516845703125 0.5685185185185185 0.002685546875 0.011111111111111112
0 0.896728515625 0.569675925925926 0.00341796875 0.010648148148148148
