0 0.672607421875 0.4586588541666667 0.01708984375 0.030598958333333332
0 0.7998046875 0.3902994791666667 0.068359375 0.087890625
0 0.54443359375 0.5172526041666666 0.0166015625 0.022786458333333332
0 0.11572265625 0.19954427083333334 0.0498046875 0.06315104166666667
0 0.428466796875 0.1953125 0.04541015625 0.0625
0 0.595703125 0.515625 0.015625 0.020833333333333332
0 0.536865234375 0.4661458333333333 0.01220703125 0.015625
0 0.49658203125 0.5146484375 0.0107421875 0.013671875
0 0.537109375 0.4847005208333333 0.01171875 0.016276041666666668
0 0.49658203125 0.5250651041666666 0.0087890625 0.004557291666666667
0 0.24951171875 0.5198567708333334 0.0087890625 0.017578125
