0 0.8720238095238095 0.5433201058201058 0.09325396825396826 0.17526455026455026
0 0.6326884920634921 0.6957671957671958 0.062003968253968256 0.015873015873015872
0 0.9810267857142857 0.6762566137566137 0.011160714285714286 0.01521164021164021
0 0.1974206349206349 0.5739087301587301 0.005952380952380952 0.01025132275132275
0 0.35726686507936506 0.6324404761904762 0.004216269841269841 0.006283068783068783
0 0.4704861111111111 0.7177579365079365 0.004464285714285714 0.005621693121693121
0 0.6313244047619048 0.6585648148148148 0.06374007936507936 0.059854497354497355
0 0.5285218253968254 0.7131283068783069 0.00496031746031746 0.005621693121693121
0 0.6139632936507936 0.6450066137566137 0.0220734126984127 0.02414021164021164
0 0.45535714285714285 0.6291335978835979 0.00496031746031746 0.007605820105820105
0 0.3947172619047619 0.6559193121693122 0.006696428571428571 0.008928571428571428
0 0.4494047619047619 0.7113095238095238 0.007936507936507936 0.011243386243386243
0 0.6839037698412699 0.5638227513227513 0.005208333333333333 0.011243386243386243
0 0.4001736111111111 0.6583994708994709 0.003224206349206349 0.005291005291005291
0 0.49007936507936506 0.7126322751322751 0.010912698412698412 0.010582010582010581
0 0.3841765873015873 0.6569113756613757 0.002976190476190476 0.00496031746031746
0 0.5200892857142857 0.7103174603174603 0.00496031746031746 0.006613756613756613
0 0.7325148809523809 0.6884920634920635 0.011656746031746032 0.017857142857142856
0 0.4861111111111111 0.7058531746031746 0.001984126984126984 0.0036375661375661374
