0 0.0470703125 0.47942708333333334 0.023828125 0.05260416666666667
0 0.660546875 0.5109375 0.00546875 0.009375
0 0.6607421875 0.5171875 0.008203125 0.023958333333333335
0 0.309375 0.45859375 0.01796875 0.044270833333333336
0 0.373046875 0.54453125 0.01328125 0.0171875
0 0.310546875 0.5846354166666666 0.0234375 0.0234375
0 0.3306640625 0.534375 0.026171875 0.028125
0 0.3103515625 0.5578125 0.017578125 0.036458333333333336
0 0.115234375 0.5221354166666666 0.0109375 0.0234375
0 0.0474609375 0.46484375 0.017578125 0.021354166666666667
0 0.1216796875 0.52109375 0.005078125 0.009895833333333333
0 0.3095703125 0.4471354166666667 0.014453125 0.018229166666666668
0 0.115625 0.5161458333333333 0.0078125 0.009375
