0 0.5061728395061729 0.6044238683127572 0.0779320987654321 0.03909465020576132
0 0.6147762345679012 0.5861625514403292 0.048996913580246916 0.041666666666666664
0 0.6251929012345679 0.585133744855967 0.013503086419753086 0.01903292181069959
0 0.6107253086419753 0.585133744855967 0.013117283950617283 0.016975308641975308
0 0.6138117283950617 0.5236625514403292 0.05015432098765432 0.08641975308641975
0 0.6163194444444444 0.5419238683127572 0.009645061728395061 0.011831275720164609
0 0.6057098765432098 0.5468106995884774 0.008487654320987654 0.012345679012345678
0 0.3238811728395062 0.6095679012345679 0.005787037037037037 0.00720164609053498
0 0.6259645061728395 0.5388374485596708 0.008873456790123456 0.011831275720164609
0 0.3601466049382716 0.5905349794238683 0.006558641975308642 0.006172839506172839
0 0.38271604938271603 0.5905349794238683 0.006944444444444444 0.00823045267489712
0 0.33526234567901236 0.5907921810699589 0.007716049382716049 0.00874485596707819
0 0.32407407407407407 0.6219135802469136 0.006172839506172839 0.00720164609053498
0 0.32407407407407407 0.6157407407407407 0.005401234567901234 0.006172839506172839
0 0.3099922839506173 0.6306584362139918 0.003472222222222222 0.00823045267489712
0 0.2334104938271605 0.6103395061728395 0.011574074074074073 0.014917695473251029
