0 0.9840116279069767 0.564922480620155 0.031007751937984496 0.06266149870801034
0 0.20300387596899225 0.6350129198966409 0.016472868217054265 0.02131782945736434
0 0.9349563953488372 0.5662144702842378 0.0559593023255814 0.06589147286821706
0 0.10428779069767442 0.6472868217054264 0.015746124031007752 0.01937984496124031
0 0.11446220930232558 0.6474483204134367 0.004118217054263566 0.016472868217054265
0 0.17562984496124032 0.6392118863049095 0.003391472868217054 0.012919896640826873
0 0.1560077519379845 0.6416343669250646 0.0024224806201550387 0.013242894056847546
0 0.18362403100775193 0.6371124031007752 0.0029069767441860465 0.013888888888888888
0 0.14098837209302326 0.6430878552971576 0.003875968992248062 0.014857881136950904
0 0.19149709302325582 0.6379198966408268 0.0026647286821705426 0.010981912144702842
0 0.24576065891472867 0.6288759689922481 0.002180232558139535 0.010981912144702842
0 0.2570251937984496 0.6277454780361758 0.0024224806201550387 0.011950904392764857
0 0.2404312015503876 0.6301679586563308 0.0031492248062015503 0.011627906976744186
0 0.2658672480620155 0.6262919896640827 0.002180232558139535 0.011627906976744186
0 0.26828972868217055 0.626453488372093 0.0026647286821705426 0.011304909560723515
