0 0.5440512048192772 0.45481927710843373 0.011295180722891566 0.014725568942436412
0 0.7547690763052208 0.4149933065595716 0.03162650602409638 0.0214190093708166
0 0.3678463855421687 0.44879518072289154 0.00928714859437751 0.022757697456492636
0 0.34877008032128515 0.4390896921017403 0.021837349397590362 0.02677376171352075
0 0.9244477911646586 0.2536813922356091 0.1495983935742972 0.1961178045515395
0 0.7576556224899599 0.4787483266398929 0.03187751004016064 0.03246318607764391
0 0.6342871485943775 0.446954484605087 0.02108433734939759 0.029116465863453816
0 0.7560240963855421 0.44561579651941097 0.0321285140562249 0.04116465863453815
0 0.3442520080321285 0.4325635876840696 0.00677710843373494 0.008366800535475234
0 0.9201807228915663 0.36947791164658633 0.14106425702811246 0.04484605087014726
0 0.3490210843373494 0.4566599732262383 0.019327309236947792 0.008366800535475234
0 0.916039156626506 0.19059571619812585 0.03187751004016064 0.044511378848728245
0 0.45883534136546184 0.41365461847389556 0.005522088353413655 0.008701472556894244
0 0.9009789156626506 0.2538487282463186 0.03288152610441767 0.043842034805890225
