0 0.5262896825396826 0.736441798941799 0.012896825396825396 0.022486772486772486
0 0.3323412698412698 0.7308201058201058 0.037698412698412696 0.01455026455026455
0 0.4052579365079365 0.7314814814814815 0.011408730158730158 0.01917989417989418
0 0.49032738095238093 0.7351190476190477 0.00992063492063492 0.017857142857142856
0 0.863343253968254 0.8082010582010583 0.010912698412698412 0.02513227513227513
0 0.7377232142857143 0.791005291005291 0.012152777777777778 0.017857142857142856
0 0.30679563492063494 0.7663690476190477 0.014384920634920634 0.021494708994708994
0 0.7906746031746031 0.871031746031746 0.013888888888888888 0.018518518518518517
0 0.738219246031746 0.7956349206349206 0.016121031746031748 0.03042328042328042
0 0.8654513888888888 0.8346560846560847 0.006696428571428571 0.027777777777777776
0 0.8649553571428571 0.8321759259259259 0.003720238095238095 0.006944444444444444
0 0.8994295634920635 0.8503637566137566 0.003720238095238095 0.012896825396825396
