0 0.43307291666666664 0.3990740740740741 0.024479166666666666 0.044444444444444446
0 0.52578125 0.7106481481481481 0.019270833333333334 0.04351851851851852
0 0.5940104166666667 0.725925925925926 0.015104166666666667 0.027777777777777776
0 0.83515625 0.6587962962962963 0.008854166666666666 0.017592592592592594
0 0.37838541666666664 0.6560185185185186 0.03177083333333333 0.06759259259259259
0 0.8341145833333333 0.6412037037037037 0.008854166666666666 0.019444444444444445
0 0.43203125 0.44027777777777777 0.025520833333333333 0.04351851851851852
0 0.46536458333333336 0.6990740740740741 0.058854166666666666 0.09259259259259259
0 0.9940104166666667 0.6055555555555555 0.011979166666666667 0.03333333333333333
0 0.8330729166666667 0.6226851851851852 0.0078125 0.01574074074074074
0 0.428125 0.5324074074074074 0.027083333333333334 0.05740740740740741
0 0.43046875 0.4837962962962963 0.025520833333333333 0.05648148148148148
0 0.81875 0.7041666666666667 0.011458333333333333 0.010185185185185186
0 0.83203125 0.6055555555555555 0.008854166666666666 0.020370370370370372
