0 0.3679718875502008 0.6668340026773761 0.1209839357429719 0.043842034805890225
0 0.378890562248996 0.7280789825970548 0.01882530120481928 0.011713520749665328
0 0.35479417670682734 0.7289156626506024 0.01581325301204819 0.008701472556894244
0 0.41729417670682734 0.7376171352074966 0.0057730923694779114 0.009370816599732263
0 0.4928463855421687 0.7213855421686747 0.019829317269076305 0.011713520749665328
0 0.43498995983935745 0.6723560910307899 0.014056224899598393 0.018741633199464525
0 0.419929718875502 0.641566265060241 0.016566265060240965 0.008701472556894244
0 0.3189006024096386 0.6596385542168675 0.013805220883534136 0.012048192771084338
0 0.31915160642570284 0.6798862115127176 0.008283132530120483 0.011713520749665328
0 0.38792670682730923 0.7396251673360107 0.007279116465863454 0.00535475234270415
0 0.3810240963855422 0.7394578313253012 0.006024096385542169 0.005689424364123159
0 0.17005522088353414 0.7454819277108434 0.0027610441767068274 0.011713520749665328
0 0.4071285140562249 0.7424698795180723 0.0030120481927710845 0.007028112449799197
