0 0.3977864583333333 0.5960648148148148 0.010677083333333334 0.018055555555555554
0 0.26705729166666664 0.6097222222222223 0.0033854166666666668 0.008333333333333333
0 0.243359375 0.5986111111111111 0.009114583333333334 0.007407407407407408
0 0.3625 0.5868055555555556 0.009895833333333333 0.00787037037037037
0 0.3985677083333333 0.6092592592592593 0.0033854166666666668 0.011111111111111112
0 0.5938802083333333 0.5793981481481482 0.00546875 0.0125
0 0.5993489583333333 0.5861111111111111 0.008072916666666667 0.014814814814814815
0 0.39674479166666665 0.5784722222222223 0.007552083333333333 0.013425925925925926
0 0.47408854166666664 0.6111111111111112 0.0033854166666666668 0.007407407407407408
0 0.8274739583333334 0.47337962962962965 0.04921875 0.0837962962962963
0 0.8203125 0.3814814814814815 0.06614583333333333 0.10555555555555556
0 0.7091145833333333 0.50625 0.030208333333333334 0.05138888888888889
0 0.06875 0.5597222222222222 0.03802083333333333 0.04722222222222222
0 0.7438802083333333 0.5831018518518518 0.01015625 0.016203703703703703
0 0.19505208333333332 0.6 0.0078125 0.013888888888888888
0 0.42994791666666665 0.5842592592592593 0.0067708333333333336 0.012962962962962963
0 0.727734375 0.575462962962963 0.019010416666666665 0.03611111111111111
0 0.5985677083333333 0.5520833333333334 0.01015625 0.01898148148148148
0 0.4298177083333333 0.5946759259259259 0.00234375 0.009722222222222222
0 0.634375 0.5824074074074074 0.023958333333333335 0.03425925925925926
0 0.7473958333333334 0.4497685185185185 0.010416666666666666 0.02175925925925926
0 0.7528645833333333 0.5543981481481481 0.017708333333333333 0.09490740740740741
0 0.7559895833333333 0.6247685185185186 0.011979166666666667 0.0412037037037037
0 0.6268229166666667 0.5909722222222222 0.00625 0.015277777777777777
0 0.5916666666666667 0.5881944444444445 0.0036458333333333334 0.0060185185185185185
0 0.6649739583333333 0.6611111111111111 0.009114583333333334 0.04259259259259259
0 0.6891927083333333 0.5805555555555556 0.00546875 0.014814814814814815
0 0.7638020833333333 0.5766203703703704 0.020833333333333332 0.06620370370370371
0 0.79375 0.5622685185185186 0.021875 0.031018518518518518
0 0.24296875 0.5810185185185185 0.009895833333333333 0.027777777777777776
0 0.75546875 0.4666666666666667 0.03802083333333333 0.06296296296296296
