0 0.5698164682539683 0.6041666666666666 0.009176587301587302 0.027116402116402115
0 0.761656746031746 0.59375 0.004464285714285714 0.005621693121693121
0 0.21614583333333334 0.4880952380952381 0.024553571428571428 0.037037037037037035
0 0.09709821428571429 0.5588624338624338 0.006696428571428571 0.012566137566137565
0 0.10627480158730158 0.5582010582010583 0.026041666666666668 0.013227513227513227
0 0.03298611111111111 0.5770502645502645 0.008432539682539682 0.008597883597883597
0 0.10577876984126984 0.5715939153439153 0.026537698412698412 0.00958994708994709
0 0.03794642857142857 0.564484126984127 0.015873015873015872 0.011904761904761904
0 0.05431547619047619 0.5727513227513228 0.012896825396825396 0.013888888888888888
0 0.4724702380952381 0.5682870370370371 0.011904761904761904 0.016865079365079364
0 0.41021825396825395 0.552744708994709 0.005456349206349206 0.01951058201058201
0 0.19766865079365079 0.47470238095238093 0.03125 0.040674603174603176
0 0.8591269841269841 0.3229166666666667 0.03422619047619048 0.055224867724867725
0 0.0546875 0.5591931216931217 0.01711309523809524 0.018518518518518517
0 0.7566964285714286 0.5758928571428571 0.006448412698412698 0.008928571428571428
0 0.05530753968253968 0.5444775132275133 0.01240079365079365 0.013558201058201057
0 0.3821924603174603 0.5358796296296297 0.006448412698412698 0.016203703703703703
0 0.761656746031746 0.5874669312169312 0.007936507936507936 0.010912698412698412
