0 0.4791666666666667 0.5157271241830066 0.010416666666666666 0.01511437908496732
0 0.6878063725490197 0.5187908496732027 0.011642156862745098 0.015522875816993464
0 0.6318933823529411 0.5206290849673203 0.010723039215686275 0.017565359477124183
0 0.32598039215686275 0.5684232026143791 0.02389705882352941 0.1017156862745098
0 0.4106924019607843 0.5533088235294118 0.011948529411764705 0.06004901960784314
0 0.45986519607843135 0.5439133986928104 0.00857843137254902 0.03553921568627451
0 0.4329044117647059 0.5486111111111112 0.010416666666666666 0.04820261437908497
0 0.47411151960784315 0.5406454248366013 0.006433823529411764 0.028186274509803922
0 0.48299632352941174 0.5400326797385621 0.005208333333333333 0.02369281045751634
0 0.38587622549019607 0.5586192810457516 0.015625 0.07066993464052287
0 0.49065563725490197 0.5383986928104575 0.004595588235294118 0.0196078431372549
0 0.6044730392156863 0.5396241830065359 0.003676470588235294 0.014705882352941176
0 0.5859375 0.5392156862745098 0.0027573529411764708 0.013071895424836602
0 0.5939031862745098 0.5394199346405228 0.0033700980392156864 0.012663398692810458
0 0.5885416666666666 0.5377859477124183 0.0024509803921568627 0.011029411764705883
0 0.5908394607843137 0.5379901960784313 0.002144607843137255 0.00980392156862745
