0 0.5851934523809523 0.5088183421516755 0.007192460317460317 0.01763668430335097
0 0.5155009920634921 0.416005291005291 0.011160714285714286 0.023368606701940034
0 0.5493551587301587 0.517636684303351 0.004464285714285714 0.007054673721340388
0 0.5493551587301587 0.5227072310405644 0.00248015873015873 0.002204585537918871
0 0.5126488095238095 0.41975308641975306 0.003472222222222222 0.006172839506172839
0 0.6946924603174603 0.46649029982363316 0.011904761904761904 0.025573192239858905
0 0.6711309523809523 0.4898589065255732 0.01240079365079365 0.014991181657848324
0 0.7083333333333334 0.4887566137566138 0.011904761904761904 0.015432098765432098
0 0.6685267857142857 0.4671516754850088 0.011160714285714286 0.026895943562610228
0 0.708953373015873 0.4728835978835979 0.014136904761904762 0.011904761904761904
0 0.5665922619047619 0.5152116402116402 0.006200396825396825 0.011022927689594356
0 0.5853174603174603 0.42416225749559083 0.023313492063492064 0.009700176366843033
0 0.6817956349206349 0.4704585537918871 0.018353174603174604 0.048500881834215165
0 0.7276785714285714 0.3507495590828924 0.008432539682539682 0.03571428571428571
0 0.4976438492063492 0.4184303350970018 0.009672619047619048 0.020282186948853614
0 0.5593998015873016 0.517416225749559 0.004712301587301587 0.00837742504409171
0 0.6909722222222222 0.48897707231040566 0.011904761904761904 0.014991181657848324
0 0.47507440476190477 0.41887125220458554 0.009176587301587302 0.019400352733686066
