0 0.6041666666666666 0.531084656084656 0.025297619047619048 0.031084656084656083
0 0.6737351190476191 0.6025132275132276 0.005704365079365079 0.007275132275132275
0 0.6737351190476191 0.5944113756613757 0.006200396825396825 0.006283068783068783
0 0.47643849206349204 0.5968915343915344 0.003968253968253968 0.004629629629629629
0 0.7418154761904762 0.5896164021164021 0.004464285714285714 0.006613756613756613
0 0.6603422619047619 0.6011904761904762 0.005208333333333333 0.007275132275132275
0 0.6046626984126984 0.5047949735449735 0.014384920634920634 0.01025132275132275
0 0.6147073412698413 0.6084656084656085 0.01066468253968254 0.017195767195767195
0 0.8209325396825397 0.5482804232804233 0.014384920634920634 0.017857142857142856
0 0.6028025793650794 0.56630291005291 0.024553571428571428 0.03207671957671958
0 0.8211805555555556 0.566468253968254 0.014384920634920634 0.017857142857142856
0 0.8203125 0.5297619047619048 0.015128968253968254 0.017857142857142856
0 0.7575644841269841 0.48743386243386244 0.009176587301587302 0.011904761904761904
0 0.6423611111111112 0.541005291005291 0.005456349206349206 0.006613756613756613
0 0.6044146825396826 0.6134259259259259 0.025297619047619048 0.03373015873015873
0 0.6034226190476191 0.482473544973545 0.023313492063492064 0.03968253968253968
0 0.6143353174603174 0.5927579365079365 0.009424603174603174 0.012896825396825396
