0 0.9397977941176471 0.3909313725490196 0.020526960784313725 0.041666666666666664
0 0.9905024509803921 0.47467320261437906 0.01838235294117647 0.021241830065359478
0 0.5431985294117647 0.5616830065359477 0.025122549019607844 0.00980392156862745
0 0.8219975490196079 0.3737745098039216 0.0625 0.03349673202614379
0 0.3509497549019608 0.4861111111111111 0.008272058823529412 0.008169934640522876
0 0.9909620098039216 0.4991830065359477 0.017463235294117647 0.02287581699346405
0 0.3834252450980392 0.5098039215686274 0.003982843137254902 0.008986928104575163
0 0.9895833333333334 0.4520016339869281 0.02022058823529412 0.024101307189542485
0 0.2919730392156863 0.4103349673202614 0.025122549019607844 0.009395424836601307
0 0.35110294117647056 0.4928513071895425 0.009191176470588236 0.0053104575163398695
0 0.7925857843137255 0.4011437908496732 0.017769607843137254 0.05065359477124183
0 0.8143382352941176 0.3335375816993464 0.05269607843137255 0.034722222222222224
0 0.9891237745098039 0.4264705882352941 0.020526960784313725 0.028594771241830064
0 0.9411764705882353 0.42054738562091504 0.02022058823529412 0.02246732026143791
0 0.9869791666666666 0.3923611111111111 0.02297794117647059 0.042075163398692814
0 0.09191176470588236 0.252859477124183 0.05269607843137255 0.06944444444444445
0 0.3512561274509804 0.47610294117647056 0.008272058823529412 0.011029411764705883
0 0.8193933823529411 0.3574346405228758 0.0628063725490196 0.028594771241830064
0 0.3834252450980392 0.5002042483660131 0.0033700980392156864 0.009395424836601307
