0 0.9069711538461539 0.6802884615384616 0.01201923076923077 0.015064102564102564
0 0.3186298076923077 0.6360576923076923 0.006009615384615385 0.015705128205128205
0 0.3513221153846154 0.6511217948717949 0.006490384615384616 0.009935897435897435
0 0.4501201923076923 0.6453525641025641 0.003605769230769231 0.0054487179487179484
0 0.2064903846153846 0.634775641025641 0.010576923076923078 0.008012820512820512
0 0.42391826923076925 0.6269230769230769 0.0045673076923076926 0.007051282051282051
0 0.8284855769230769 0.5615384615384615 0.042067307692307696 0.02564102564102564
0 0.4235576923076923 0.634775641025641 0.004807692307692308 0.007371794871794872
0 0.5635817307692308 0.653525641025641 0.005528846153846154 0.007051282051282051
0 0.45048076923076924 0.6394230769230769 0.0038461538461538464 0.00641025641025641
0 0.5647836538461538 0.6370192307692307 0.003605769230769231 0.006730769230769231
0 0.9066105769230769 0.6858974358974359 0.017548076923076923 0.03397435897435897
0 0.5527644230769231 0.628525641025641 0.0069711538461538465 0.004487179487179487
0 0.8286057692307692 0.5177884615384616 0.040865384615384616 0.05608974358974359
0 0.5639423076923077 0.6445512820512821 0.004807692307692308 0.0057692307692307696
0 0.5438701923076923 0.6200320512820513 0.006490384615384616 0.008653846153846154
0 0.5518028846153846 0.6197115384615385 0.011778846153846154 0.013782051282051282
0 0.7459134615384615 0.6221153846153846 0.010096153846153847 0.01282051282051282
0 0.5430288461538462 0.6325320512820513 0.009134615384615385 0.011858974358974358
0 0.25 0.6350961538461538 0.017788461538461538 0.004807692307692308
0 0.5419471153846154 0.6432692307692308 0.008894230769230769 0.011538461538461539
0 0.6413461538461539 0.5716346153846154 0.02403846153846154 0.02980769230769231
0 0.36983173076923076 0.46762820512820513 0.01514423076923077 0.020512820512820513
0 0.42704326923076924 0.6427884615384616 0.009375 0.004166666666666667
