0 0.7026289682539683 0.2867063492063492 0.028769841269841268 0.0582010582010582
0 0.6625744047619048 0.31299603174603174 0.011160714285714286 0.01488095238095238
0 0.544890873015873 0.3343253968253968 0.011904761904761904 0.016534391534391533
0 0.654265873015873 0.3253968253968254 0.00744047619047619 0.00992063492063492
0 0.8999255952380952 0.3212632275132275 0.030009920634920636 0.02414021164021164
0 0.45300099206349204 0.3315145502645503 0.029513888888888888 0.012235449735449735
0 0.48412698412698413 0.3503637566137566 0.011408730158730158 0.008267195767195767
0 0.6625744047619048 0.3230820105820106 0.004216269841269841 0.003968253968253968
0 0.6696428571428571 0.3189484126984127 0.005456349206349206 0.006283068783068783
0 0.46056547619047616 0.32407407407407407 0.00744047619047619 0.0026455026455026454
0 0.44518849206349204 0.3245701058201058 0.00744047619047619 0.002976190476190476
0 0.4582093253968254 0.3472222222222222 0.005704365079365079 0.0026455026455026454
