0 0.044140625 0.5108796296296296 0.00546875 0.018055555555555554
0 0.35403645833333336 0.48657407407407405 0.005989583333333334 0.011111111111111112
0 0.36171875 0.48564814814814816 0.005729166666666666 0.010185185185185186
0 0.3690104166666667 0.48518518518518516 0.005729166666666666 0.010185185185185186
0 0.34986979166666665 0.46111111111111114 0.012239583333333333 0.019444444444444445
0 0.36419270833333334 0.4599537037037037 0.012239583333333333 0.020833333333333332
0 0.373828125 0.4636574074074074 0.00546875 0.009722222222222222
0 0.38307291666666665 0.45902777777777776 0.011979166666666667 0.020833333333333332
0 0.3971354166666667 0.45787037037037037 0.0125 0.020370370370370372
0 0.284765625 0.4983796296296296 0.00703125 0.005092592592592593
0 0.286328125 0.5050925925925925 0.009635416666666667 0.011111111111111112
0 0.28606770833333334 0.5150462962962963 0.010677083333333334 0.009722222222222222
0 0.3321614583333333 0.41689814814814813 0.02265625 0.04212962962962963
0 0.36015625 0.41574074074074074 0.022916666666666665 0.041666666666666664
0 0.08697916666666666 0.5199074074074074 0.003125 0.007407407407407408
0 0.011197916666666667 0.5173611111111112 0.0067708333333333336 0.013425925925925926
0 0.2897135416666667 0.5150462962962963 0.002864583333333333 0.005092592592592593
0 0.28932291666666665 0.5053240740740741 0.0036458333333333334 0.009722222222222222
