0 0.9417892156862745 0.39481209150326796 0.0778186274509804 0.054330065359477125
0 0.29702818627450983 0.5059232026143791 0.004595588235294118 0.006127450980392157
0 0.5217524509803921 0.4777369281045752 0.004901960784313725 0.007761437908496732
0 0.6063112745098039 0.48141339869281047 0.0024509803921568627 0.006127450980392157
0 0.49525122549019607 0.4681372549019608 0.0033700980392156864 0.0032679738562091504
0 0.5012254901960784 0.465890522875817 0.003676470588235294 0.003676470588235294
0 0.5693933823529411 0.4624183006535948 0.003982843137254902 0.006535947712418301
0 0.4892769607843137 0.4513888888888889 0.0055147058823529415 0.0032679738562091504
0 0.5692401960784313 0.4616013071895425 0.003676470588235294 0.005718954248366013
0 0.6677389705882353 0.44362745098039214 0.02665441176470588 0.03594771241830065
0 0.9373468137254902 0.34681372549019607 0.07567401960784313 0.05718954248366013
0 0.4788602941176471 0.43790849673202614 0.007352941176470588 0.012254901960784314
0 0.9327512254901961 0.27593954248366015 0.08057598039215687 0.10416666666666667
0 0.5770526960784313 0.46486928104575165 0.013174019607843137 0.01715686274509804
0 0.5105698529411765 0.43504901960784315 0.023590686274509803 0.006535947712418301
0 0.508578431372549 0.4722222222222222 0.003676470588235294 0.006535947712418301
0 0.26087622549019607 0.5016339869281046 0.0033700980392156864 0.007352941176470588
