0 0.44921875 0.3578559027777778 0.03466796875 0.032552083333333336
0 0.385986328125 0.4644097222222222 0.00341796875 0.006076388888888889
0 0.4290771484375 0.4585503472222222 0.003173828125 0.006510416666666667
0 0.40625 0.4622395833333333 0.00341796875 0.006076388888888889
0 0.372802734375 0.462890625 0.00390625 0.007378472222222222
0 0.366943359375 0.4633246527777778 0.00634765625 0.010850694444444444
0 0.3665771484375 0.4741753472222222 0.006591796875 0.012586805555555556
0 0.27392578125 0.4778645833333333 0.01806640625 0.03125
0 0.51025390625 0.4767795138888889 0.01123046875 0.01953125
0 0.43603515625 0.4654947916666667 0.00439453125 0.005642361111111111
