0 0.4666666666666667 0.5194444444444445 0.036458333333333336 0.014814814814814815
0 0.5190104166666667 0.5268518518518519 0.008854166666666666 0.014814814814814815
0 0.5338541666666666 0.5333333333333333 0.003125 0.011111111111111112
0 0.5479166666666667 0.5351851851851852 0.004166666666666667 0.014814814814814815
0 0.5721354166666667 0.5310185185185186 0.0109375 0.023148148148148147
0 0.5895833333333333 0.5273148148148148 0.007291666666666667 0.028703703703703703
0 0.4388020833333333 0.5351851851851852 0.0036458333333333334 0.007407407407407408
0 0.43125 0.5300925925925926 0.009375 0.021296296296296296
0 0.5135416666666667 0.5375 0.003125 0.004629629629629629
0 0.8171875 0.47685185185185186 0.023958333333333335 0.046296296296296294
0 0.19270833333333334 0.43703703703703706 0.026041666666666668 0.05
