0 0.538671875 0.5215277777777778 0.01953125 0.04027777777777778
0 0.359765625 0.6430555555555556 0.04765625 0.022222222222222223
0 0.4 0.6416666666666667 0.0078125 0.03888888888888889
0 0.4125 0.6395833333333333 0.00625 0.034722222222222224
0 0.4265625 0.6354166666666666 0.0046875 0.02638888888888889
0 0.43984375 0.6319444444444444 0.003125 0.013888888888888888
0 0.476171875 0.6319444444444444 0.00234375 0.019444444444444445
0 0.484375 0.6333333333333333 0.003125 0.022222222222222223
0 0.4359375 0.6319444444444444 0.003125 0.019444444444444445
0 0.51328125 0.6347222222222222 0.00625 0.05277777777777778
