0 0.5760498046875 0.5537109375 0.005126953125 0.007161458333333333
0 0.665771484375 0.5625 0.0029296875 0.005208333333333333
0 0.6947021484375 0.5589192708333334 0.003173828125 0.005859375
0 0.5762939453125 0.564453125 0.004638671875 0.013020833333333334
0 0.6563720703125 0.5655924479166666 0.003662109375 0.004231770833333333
0 0.66552734375 0.5546875 0.00390625 0.005859375
0 0.5587158203125 0.5660807291666666 0.003662109375 0.004557291666666667
0 0.5531005859375 0.5652669270833334 0.003662109375 0.004231770833333333
0 0.45751953125 0.5654296875 0.0029296875 0.004557291666666667
0 0.3934326171875 0.5537109375 0.006103515625 0.007161458333333333
0 0.3935546875 0.5613606770833334 0.00537109375 0.0068359375
0 0.2669677734375 0.5595703125 0.005615234375 0.0078125
0 0.3194580078125 0.5638020833333334 0.004638671875 0.006510416666666667
0 0.3194580078125 0.5564778645833334 0.006103515625 0.0087890625
0 0.6993408203125 0.50537109375 0.018798828125 0.036783854166666664
0 0.574462890625 0.57763671875 0.00390625 0.006184895833333333
0 0.671142578125 0.5592447916666666 0.00244140625 0.00390625
0 0.67138671875 0.5686848958333334 0.00341796875 0.010416666666666666
