0 0.480078125 0.5701388888888889 0.02578125 0.04583333333333333
0 0.5078125 0.5736111111111111 0.0296875 0.05277777777777778
0 0.539453125 0.39861111111111114 0.01171875 0.022222222222222223
0 0.553515625 0.3993055555555556 0.01171875 0.020833333333333332
0 0.353515625 0.44305555555555554 0.01328125 0.022222222222222223
0 0.324609375 0.47430555555555554 0.01015625 0.018055555555555554
0 0.449609375 0.6638888888888889 0.08046875 0.07777777777777778
0 0.06484375 0.5979166666666667 0.0109375 0.029166666666666667
0 0.2078125 0.6423611111111112 0.015625 0.04861111111111111
0 0.540234375 0.6555555555555556 0.07734375 0.08055555555555556
