0 0.5296818996415771 0.32056451612903225 0.003360215053763441 0.004704301075268817
0 0.4200268817204301 0.260752688172043 0.017025089605734768 0.02620967741935484
0 0.5296818996415771 0.31502016129032256 0.004704301075268817 0.006384408602150538
0 0.48935931899641577 0.28696236559139787 0.012768817204301076 0.016129032258064516
0 0.5047043010752689 0.2931787634408602 0.01478494623655914 0.009072580645161291
0 0.5303539426523297 0.32980510752688175 0.0029121863799283156 0.004368279569892473
0 0.5449148745519713 0.3331653225806452 0.0029121863799283156 0.004368279569892473
0 0.5435707885304659 0.32174059139784944 0.006496415770609319 0.007728494623655914
0 0.5656362007168458 0.32493279569892475 0.0062724014336917565 0.00739247311827957
0 0.505600358422939 0.28393817204301075 0.01568100358422939 0.0114247311827957
0 0.558915770609319 0.33014112903225806 0.002688172043010753 0.004368279569892473
