0 0.9780943627450981 0.5811546840958606 0.008884803921568627 0.026143790849673203
0 0.6325061274509803 0.534041394335512 0.008884803921568627 0.007080610021786492
0 0.5629595588235294 0.4632352941176471 0.005208333333333333 0.008169934640522876
0 0.8969056372549019 0.6663943355119826 0.023590686274509803 0.07788671023965142
0 0.13648897058823528 0.5531045751633987 0.04258578431372549 0.02886710239651416
0 0.7444852941176471 0.545479302832244 0.026348039215686275 0.046296296296296294
0 0.7449448529411765 0.4722222222222222 0.05238970588235294 0.08714596949891068
0 0.13572303921568626 0.45887799564270154 0.041666666666666664 0.03104575163398693
0 0.6205575980392157 0.5302287581699346 0.004595588235294118 0.013616557734204794
0 0.7441789215686274 0.559640522875817 0.051470588235294115 0.08769063180827887
0 0.6452205882352942 0.528322440087146 0.0055147058823529415 0.00980392156862745
0 0.7454044117647058 0.460239651416122 0.02696078431372549 0.046840958605664486
0 0.13618259803921567 0.505718954248366 0.04258578431372549 0.06372549019607843
0 0.8955269607843137 0.5359477124183006 0.006127450980392157 0.008714596949891068
0 0.7460171568627451 0.4133986928104575 0.05269607843137255 0.03376906318082789
