0 0.6541053921568627 0.5488153594771242 0.030637254901960783 0.04044117647058824
0 0.5580575980392157 0.6727941176470589 0.005208333333333333 0.007352941176470588
0 0.6061580882352942 0.6501225490196079 0.004595588235294118 0.006127450980392157
0 0.6092218137254902 0.6574754901960784 0.005208333333333333 0.006944444444444444
0 0.578890931372549 0.6454248366013072 0.007659313725490196 0.015522875816993464
0 0.5968137254901961 0.6578839869281046 0.004901960784313725 0.007761437908496732
0 0.6026348039215687 0.6576797385620915 0.004901960784313725 0.007352941176470588
0 0.22089460784313725 0.6031454248366013 0.009191176470588236 0.012663398692810458
0 0.6603860294117647 0.6256127450980392 0.011948529411764705 0.01511437908496732
0 0.6841299019607843 0.6182598039215687 0.006127450980392157 0.012663398692810458
0 0.6842830882352942 0.6268382352941176 0.005208333333333333 0.0053104575163398695
0 0.9568014705882353 0.5214460784313726 0.061274509803921566 0.026552287581699346
0 0.9324448529411765 0.5253267973856209 0.007659313725490196 0.00980392156862745
0 0.9330575980392157 0.4912173202614379 0.05912990196078431 0.04779411764705882
0 0.4955575980392157 0.6290849673202614 0.007659313725490196 0.012254901960784314
0 0.38878676470588236 0.6160130718954249 0.013480392156862746 0.011437908496732025
0 0.9476102941176471 0.5741421568627451 0.01715686274509804 0.016748366013071895
0 0.6580882352941176 0.6701388888888888 0.04105392156862745 0.04616013071895425
0 0.22150735294117646 0.5531045751633987 0.009191176470588236 0.012254901960784314
0 0.23973651960784315 0.6027369281045751 0.053002450980392156 0.020833333333333332
0 0.22120098039215685 0.5780228758169934 0.00857843137254902 0.012254901960784314
0 0.24034926470588236 0.5778186274509803 0.05238970588235294 0.020833333333333332
0 0.6260723039215687 0.673202614379085 0.04013480392156863 0.04738562091503268
0 0.6832107843137255 0.6015114379084967 0.0055147058823529415 0.012663398692810458
0 0.24080882352941177 0.5526960784313726 0.05269607843137255 0.021241830065359478
0 0.9635416666666666 0.5473856209150327 0.07169117647058823 0.03758169934640523
0 0.4950980392156863 0.6423611111111112 0.007965686274509803 0.011029411764705883
0 0.18949142156862744 0.7054738562091504 0.03462009803921569 0.041666666666666664
0 0.7901348039215687 0.6544117647058824 0.0196078431372549 0.035130718954248366
0 0.5989583333333334 0.6507352941176471 0.004901960784313725 0.007352941176470588
