0 0.9749503968253969 0.5297619047619048 0.04861111111111111 0.07539682539682539
0 0.6253720238095238 0.6911375661375662 0.037450396825396824 0.01984126984126984
0 0.5446428571428571 0.7735890652557319 0.008432539682539682 0.026895943562610228
0 0.9939236111111112 0.3939594356261023 0.011656746031746032 0.03306878306878307
0 0.9973958333333334 0.47178130511463845 0.004712301587301587 0.04056437389770723
0 0.9956597222222222 0.42923280423280424 0.00818452380952381 0.057760141093474424
0 0.6345486111111112 0.6388888888888888 0.011160714285714286 0.019400352733686066
0 0.5075644841269841 0.7799823633156967 0.005704365079365079 0.009700176366843033
0 0.5076884920634921 0.7888007054673721 0.005456349206349206 0.007936507936507936
0 0.634796626984127 0.6556437389770723 0.01066468253968254 0.014991181657848324
