0 0.3087797619047619 0.3723544973544973 0.03571428571428571 0.046296296296296294
0 0.9138144841269841 0.4093915343915344 0.036458333333333336 0.047619047619047616
0 0.3515625 0.5405092592592593 0.06671626984126984 0.02546296296296296
0 0.3515625 0.5615079365079365 0.061755952380952384 0.015873015873015872
0 0.3055555555555556 0.41203703703703703 0.04811507936507937 0.13227513227513227
0 0.5360863095238095 0.5461309523809523 0.004216269841269841 0.005621693121693121
0 0.5359623015873016 0.5504298941798942 0.00496031746031746 0.017526455026455025
0 0.3529265873015873 0.4892526455026455 0.06498015873015874 0.08366402116402116
0 0.9144345238095238 0.44841269841269843 0.042162698412698416 0.13227513227513227
0 0.458953373015873 0.5416666666666666 0.014136904761904762 0.013227513227513227
0 0.6236359126984127 0.5543981481481481 0.003720238095238095 0.005621693121693121
0 0.37822420634920634 0.5415013227513228 0.008928571428571428 0.01488095238095238
0 0.6233878968253969 0.5591931216931217 0.005704365079365079 0.018518518518518517
