0 0.3645833333333333 0.5270833333333333 0.013020833333333334 0.014351851851851852
0 0.5657552083333334 0.4914351851851852 0.020052083333333335 0.009722222222222222
0 0.5658854166666667 0.500462962962963 0.019791666666666666 0.010185185185185186
0 0.565625 0.5092592592592593 0.019791666666666666 0.010185185185185186
0 0.5690104166666666 0.5180555555555556 0.019791666666666666 0.010185185185185186
0 0.5688802083333333 0.5266203703703703 0.01953125 0.009722222222222222
0 0.498046875 0.5532407407407407 0.015885416666666666 0.025925925925925925
0 0.57265625 0.5377314814814815 0.0046875 0.011574074074074073
0 0.6553385416666667 0.5513888888888889 0.012239583333333333 0.020370370370370372
0 0.69296875 0.5539351851851851 0.0203125 0.034722222222222224
