0 0.9680232558139535 0.5702519379844961 0.015503875968992248 0.020348837209302327
0 0.8287306201550387 0.5604005167958657 0.0048449612403100775 0.005813953488372093
0 0.9686288759689923 0.5975452196382429 0.014777131782945737 0.025839793281653745
0 0.7715600775193798 0.5583010335917312 0.0048449612403100775 0.006136950904392765
0 0.783672480620155 0.5810723514211886 0.009689922480620155 0.0071059431524547806
0 0.7943313953488372 0.5805878552971576 0.009689922480620155 0.006136950904392765
0 0.8282461240310077 0.5809108527131783 0.00872093023255814 0.004198966408268734
0 0.15746124031007752 0.5692829457364341 0.01308139534883721 0.02099483204134367
0 0.15818798449612403 0.5452196382428941 0.01937984496124031 0.023255813953488372
0 0.13020833333333334 0.22690568475452197 0.0249515503875969 0.03972868217054264
0 0.42829457364341084 0.5809108527131783 0.0048449612403100775 0.007428940568475452
0 0.8081395348837209 0.5642764857881137 0.014534883720930232 0.016795865633074936
0 0.8356346899224806 0.563468992248062 0.021560077519379845 0.01582687338501292
0 0.37730135658914726 0.5197028423772609 0.037063953488372096 0.050387596899224806
0 0.13045058139534885 0.3674095607235142 0.016715116279069766 0.027454780361757105
0 0.7767684108527132 0.5636304909560723 0.02882751937984496 0.02131782945736434
0 0.9651162790697675 0.5450581395348837 0.00872093023255814 0.009366925064599484
0 0.3757267441860465 0.588016795865633 0.030523255813953487 0.06621447028423773
