0 0.5225260416666667 0.5043981481481481 0.01171875 0.022685185185185187
0 0.5640625 0.4914351851851852 0.0067708333333333336 0.01712962962962963
0 0.05520833333333333 0.5155092592592593 0.011458333333333333 0.03009259259259259
0 0.5635416666666667 0.4675925925925926 0.013020833333333334 0.02962962962962963
0 0.070703125 0.24050925925925926 0.03307291666666667 0.04953703703703704
0 0.747265625 0.24837962962962962 0.08671875 0.033796296296296297
0 0.4127604166666667 0.16018518518518518 0.0328125 0.06944444444444445
0 0.31888020833333336 0.4550925925925926 0.0033854166666666668 0.010185185185185186
0 0.015104166666666667 0.1136574074074074 0.021875 0.08009259259259259
0 0.69765625 0.4965277777777778 0.009895833333333333 0.02638888888888889
0 0.5015625 0.5159722222222223 0.0046875 0.009722222222222222
0 0.5091145833333334 0.5143518518518518 0.005729166666666666 0.009259259259259259
0 0.563671875 0.48703703703703705 0.005989583333333334 0.009259259259259259
0 0.319140625 0.45902777777777776 0.00390625 0.01898148148148148
0 0.73515625 0.3923611111111111 0.013541666666666667 0.024537037037037038
