0 0.30104166666666665 0.5986111111111111 0.008333333333333333 0.019444444444444445
0 0.3416666666666667 0.5287037037037037 0.025 0.05185185185185185
0 0.3416666666666667 0.5393518518518519 0.025 0.0712962962962963
0 0.3421875 0.5879629629629629 0.026041666666666668 0.022222222222222223
0 0.30130208333333336 0.6134259259259259 0.009895833333333333 0.006481481481481481
0 0.08723958333333333 0.6125 0.008854166666666666 0.017592592592592594
0 0.7354166666666667 0.5768518518518518 0.0125 0.014814814814814815
0 0.0859375 0.5935185185185186 0.007291666666666667 0.018518518518518517
0 0.7348958333333333 0.55 0.0125 0.03518518518518519
0 0.3015625 0.6222222222222222 0.009375 0.007407407407407408
0 0.3419270833333333 0.5652777777777778 0.024479166666666666 0.019444444444444445
