0 0.8952058232931727 0.7319277108433735 0.01581325301204819 0.022757697456492636
0 0.8903112449799196 0.7526773761713521 0.007530120481927711 0.022757697456492636
0 0.896460843373494 0.7463186077643909 0.008785140562248996 0.008032128514056224
0 0.8000753012048193 0.7570281124497992 0.0017570281124497991 0.008032128514056224
0 0.8216616465863453 0.7478246318607764 0.006275100401606426 0.003681392235609103
0 0.4546937751004016 0.7367804551539491 0.003263052208835341 0.007028112449799197
0 0.45456827309236947 0.7458165997322623 0.004016064257028112 0.010374832663989291
0 0.5510793172690763 0.7240629183400268 0.007279116465863454 0.0050200803212851405
0 0.6068022088353414 0.7270749665327979 0.013303212851405623 0.009036144578313253
0 0.955070281124498 0.7568607764390897 0.010040160642570281 0.018406961178045515
0 0.6616465863453815 0.7359437751004017 0.01104417670682731 0.008032128514056224
0 0.43812751004016065 0.7476572958500669 0.005271084337349397 0.006024096385542169
0 0.6071787148594378 0.713520749665328 0.01355421686746988 0.018072289156626505
0 0.6070532128514057 0.7356091030789826 0.009789156626506024 0.008701472556894244
0 0.7789909638554217 0.7016398929049531 0.006275100401606426 0.009036144578313253
0 0.7975652610441767 0.5744645247657296 0.06752008032128515 0.04317269076305221
0 0.6881275100401606 0.5721218206157965 0.06400602409638555 0.04250334672021419
0 0.5184487951807228 0.7394578313253012 0.0077811244979919675 0.013052208835341365
0 0.6616465863453815 0.7222222222222222 0.01606425702811245 0.0214190093708166
0 0.6844879518072289 0.5652610441767069 0.012048192771084338 0.015394912985274432
0 0.7469879518072289 0.7029785809906292 0.006526104417670682 0.009036144578313253
