0 0.662125 0.5026666666666667 0.00775 0.010666666666666666
0 0.654875 0.4715 0.00775 0.008333333333333333
0 0.662375 0.5123333333333333 0.00775 0.007333333333333333
0 0.671375 0.4831666666666667 0.00875 0.011
0 0.67175 0.49466666666666664 0.008 0.01
0 0.67175 0.5043333333333333 0.008 0.008
0 0.671625 0.5125 0.00775 0.006333333333333333
0 0.66225 0.49283333333333335 0.008 0.007666666666666666
0 0.662 0.483 0.008 0.012
0 0.291125 0.5081666666666667 0.00525 0.013
0 0.38325 0.48583333333333334 0.0045 0.005666666666666667
0 0.562875 0.5261666666666667 0.00375 0.005666666666666667
0 0.575125 0.5228333333333334 0.00575 0.008333333333333333
0 0.553125 0.5286666666666666 0.00325 0.004
0 0.575375 0.5298333333333334 0.00475 0.005
0 0.57375 0.4945 0.0125 0.004333333333333333
