0 0.5874693627450981 0.5163398692810458 0.040747549019607844 0.013888888888888888
0 0.5880821078431373 0.5326797385620915 0.040747549019607844 0.013888888888888888
0 0.04993872549019608 0.4207516339869281 0.09987745098039216 0.06045751633986928
0 0.0545343137254902 0.35355392156862747 0.1090686274509804 0.0625
0 0.05805759803921569 0.30187908496732024 0.11611519607843138 0.031862745098039214
0 0.15962009803921567 0.5332924836601307 0.08026960784313726 0.04616013071895425
0 0.15824142156862744 0.491625816993464 0.06893382352941177 0.05106209150326797
0 0.19255514705882354 0.41748366013071897 0.12346813725490197 0.058823529411764705
0 0.19745710784313725 0.35355392156862747 0.12408088235294118 0.05923202614379085
0 0.20143995098039216 0.2928921568627451 0.1173406862745098 0.06535947712418301
0 0.2997855392156863 0.6019199346405228 0.018688725490196078 0.020016339869281044
0 0.16253063725490197 0.2867647058823529 0.023590686274509803 0.03349673202614379
