0 0.5934989959839357 0.7349397590361446 0.03589357429718876 0.024765729585006693
0 0.7571536144578314 0.7212182061579652 0.021837349397590362 0.028112449799196786
0 0.41089357429718876 0.7222222222222222 0.014558232931726908 0.01606425702811245
0 0.669929718875502 0.7356091030789826 0.004016064257028112 0.010040160642570281
0 0.4110190763052209 0.7098393574297188 0.011295180722891566 0.007362784471218206
0 0.2653112449799197 0.7243975903614458 0.004016064257028112 0.003681392235609103
0 0.2825050200803213 0.6931057563587684 0.00928714859437751 0.0033467202141900937
0 0.7267821285140562 0.732764390896921 0.004769076305220884 0.011713520749665328
0 0.26982931726907633 0.7210508701472557 0.0030120481927710845 0.004350736278447122
0 0.30396586345381527 0.7108433734939759 0.0050200803212851405 0.004685408299866131
0 0.30384036144578314 0.714859437751004 0.0037650602409638554 0.0033467202141900937
0 0.3333333333333333 0.7096720214190094 0.004518072289156626 0.013052208835341365
0 0.35190763052208834 0.7227242302543507 0.00853413654618474 0.01706827309236948
0 0.5775602409638554 0.7180388219544847 0.0035140562248995983 0.010374832663989291
0 0.3627008032128514 0.7101740294511378 0.015562248995983935 0.006693440428380187
0 0.2761044176706827 0.7203815261044176 0.004518072289156626 0.006358768406961178
0 0.43862951807228917 0.7158634538152611 0.03237951807228916 0.04417670682730924
