0 0.44745710784313725 0.10641339869281045 0.04503676470588235 0.0690359477124183
0 0.4319852941176471 0.4554738562091503 0.012254901960784314 0.015522875816993464
0 0.1870404411764706 0.07536764705882353 0.05116421568627451 0.07230392156862746
0 0.47181372549019607 0.5396241830065359 0.00980392156862745 0.012254901960784314
0 0.4950980392156863 0.434640522875817 0.056372549019607844 0.01715686274509804
0 0.45006127450980393 0.5220588235294118 0.009191176470588236 0.012254901960784314
0 0.3743872549019608 0.4579248366013072 0.012254901960784314 0.01715686274509804
0 0.4488357843137255 0.5608660130718954 0.011642156862745098 0.005718954248366013
0 0.4710477941176471 0.5218545751633987 0.008884803921568627 0.01838235294117647
0 0.3098958333333333 0.4520016339869281 0.013174019607843137 0.017565359477124183
0 0.24800857843137256 0.43790849673202614 0.015012254901960785 0.0196078431372549
0 0.22886029411764705 0.5477941176470589 0.012254901960784314 0.005718954248366013
0 0.47089460784313725 0.5504493464052288 0.010416666666666666 0.006944444444444444
0 0.23008578431372548 0.576797385620915 0.007352941176470588 0.014705882352941176
0 0.26087622549019607 0.5747549019607843 0.003982843137254902 0.007352941176470588
