0 0.4816468253968254 0.46164021164021163 0.00744047619047619 0.013888888888888888
0 0.6071428571428571 0.4254298941798942 0.028273809523809524 0.036044973544973546
0 0.09585813492063493 0.4573412698412698 0.007688492063492063 0.01984126984126984
0 0.4986359126984127 0.46511243386243384 0.02058531746031746 0.007605820105820105
0 0.49776785714285715 0.44560185185185186 0.00992063492063492 0.006944444444444444
0 0.4982638888888889 0.4546957671957672 0.009424603174603174 0.011904761904761904
0 0.37177579365079366 0.4755291005291005 0.00248015873015873 0.0026455026455026454
0 0.3890128968253968 0.4852843915343915 0.002232142857142857 0.008928571428571428
0 0.3716517857142857 0.4728835978835979 0.002728174603174603 0.0033068783068783067
0 0.38504464285714285 0.4748677248677249 0.003720238095238095 0.004629629629629629
