0 0.15342881944444445 0.5014467592592593 0.005642361111111111 0.010416666666666666
0 0.47359664351851855 0.4820601851851852 0.00390625 0.017361111111111112
0 0.10980902777777778 0.5283564814814815 0.00318287037037037 0.00636574074074074
0 0.5528067129629629 0.453125 0.00318287037037037 0.006944444444444444
0 0.4366319444444444 0.4398148148148148 0.004050925925925926 0.01099537037037037
0 0.740234375 0.3410011574074074 0.02155671296296296 0.11024305555555555
0 0.16239872685185186 0.5177951388888888 0.002459490740740741 0.004918981481481482
0 0.5666232638888888 0.47583912037037035 0.001880787037037037 0.01880787037037037
0 0.18836805555555555 0.5133101851851852 0.001736111111111111 0.004629629629629629
0 0.1623263888888889 0.5127314814814815 0.0028935185185185184 0.005208333333333333
0 0.0013744212962962963 0.5231481481481481 0.002170138888888889 0.005208333333333333
0 0.13368055555555555 0.5182291666666666 0.001736111111111111 0.005208333333333333
