0 0.8442460317460317 0.5190145502645502 0.04117063492063492 0.050595238095238096
0 0.09846230158730158 0.4699074074074074 0.033234126984126984 0.04365079365079365
0 0.7161458333333334 0.574239417989418 0.016121031746031748 0.020833333333333332
0 0.13603670634920634 0.470734126984127 0.038938492063492064 0.04794973544973545
0 0.7571924603174603 0.5747354497354498 0.021825396825396824 0.027777777777777776
0 0.7553323412698413 0.5441468253968254 0.016121031746031748 0.02017195767195767
0 0.11805555555555555 0.48032407407407407 0.07589285714285714 0.07374338624338625
0 0.755828373015873 0.5573743386243386 0.015625 0.006944444444444444
0 0.7124255952380952 0.5481150793650794 0.012648809523809524 0.014219576719576719
0 0.7119295634920635 0.5596891534391535 0.012648809523809524 0.008267195767195767
0 0.7166418650793651 0.5906084656084656 0.01711309523809524 0.011243386243386243
