0 0.9265407986111112 0.6013257575757576 0.021050347222222224 0.054924242424242424
0 0.4887152777777778 0.734375 0.012152777777777778 0.00946969696969697
0 0.4606119791666667 0.7469223484848485 0.002387152777777778 0.005208333333333333
0 0.9262152777777778 0.6917613636363636 0.0234375 0.026515151515151516
0 0.4653862847222222 0.7469223484848485 0.001953125 0.00615530303030303
0 0.4270833333333333 0.7580492424242424 0.002170138888888889 0.005681818181818182
0 0.9888237847222222 0.3527462121212121 0.021918402777777776 0.12215909090909091
0 0.9264322916666666 0.638967803030303 0.022135416666666668 0.028882575757575756
0 0.4098307291666667 0.7469223484848485 0.0032552083333333335 0.007102272727272727
0 0.3955078125 0.756155303030303 0.001953125 0.005681818181818182
0 0.4112413194444444 0.7568655303030303 0.001736111111111111 0.007102272727272727
0 0.9811197916666666 0.21567234848484848 0.03732638888888889 0.15672348484848486
0 0.3773871527777778 0.7469223484848485 0.0030381944444444445 0.007102272727272727
0 0.4636501736111111 0.7535511363636364 0.006727430555555556 0.009943181818181818
0 0.4881727430555556 0.7481060606060606 0.008463541666666666 0.01893939393939394
0 0.03895399305555555 0.07054924242424243 0.0779079861111111 0.14109848484848486
0 0.5373263888888888 0.7206439393939394 0.012586805555555556 0.028409090909090908
0 0.4375 0.7488162878787878 0.0030381944444444445 0.00615530303030303
0 0.8047960069444444 0.7154356060606061 0.011501736111111112 0.03314393939393939
0 0.9576822916666666 0.6775568181818182 0.041666666666666664 0.06534090909090909
0 0.9565972222222222 0.615530303030303 0.027777777777777776 0.06818181818181818
0 0.4887152777777778 0.7161458333333334 0.008680555555555556 0.02793560606060606
0 0.9261067708333334 0.6654829545454546 0.022352430555555556 0.025094696969696968
