0 0.4792906746031746 0.6942791005291006 0.008680555555555556 0.008267195767195767
0 0.543030753968254 0.6917989417989417 0.00818452380952381 0.013227513227513227
0 0.6724950396825397 0.7213955026455027 0.0220734126984127 0.020833333333333332
0 0.751984126984127 0.7045304232804233 0.03571428571428571 0.026785714285714284
0 0.7425595238095238 0.49503968253968256 0.0679563492063492 0.02513227513227513
0 0.47879464285714285 0.7048611111111112 0.005704365079365079 0.006944444444444444
0 0.5427827380952381 0.7194113756613757 0.002728174603174603 0.00496031746031746
0 0.6204117063492064 0.7114748677248677 0.006696428571428571 0.010912698412698412
0 0.37686011904761907 0.46908068783068785 0.028025793650793652 0.03736772486772487
0 0.607390873015873 0.6962632275132276 0.010416666666666666 0.013558201058201057
0 0.6075148809523809 0.7075066137566137 0.006200396825396825 0.008928571428571428
0 0.8793402777777778 0.7022156084656085 0.004216269841269841 0.007605820105820105
0 0.6731150793650794 0.7351190476190477 0.011408730158730158 0.006613756613756613
0 0.6731150793650794 0.7432208994708994 0.011408730158730158 0.006283068783068783
0 0.7459077380952381 0.7035383597883598 0.016617063492063492 0.02017195767195767
0 0.4782986111111111 0.7099867724867724 0.004216269841269841 0.004629629629629629
0 0.47867063492063494 0.6999007936507936 0.00496031746031746 0.0036375661375661374
