0 0.60859375 0.27847222222222223 0.019791666666666666 0.03194444444444444
0 0.25052083333333336 0.2923611111111111 0.005208333333333333 0.009722222222222222
0 0.7819010416666666 0.24513888888888888 0.013802083333333333 0.033796296296296297
0 0.608203125 0.24305555555555555 0.02109375 0.04259259259259259
0 0.5865885416666666 0.20416666666666666 0.013802083333333333 0.028703703703703703
0 0.625390625 0.3145833333333333 0.00703125 0.0125
0 0.18815104166666666 0.32592592592592595 0.019010416666666665 0.07685185185185185
0 0.18541666666666667 0.23564814814814813 0.020833333333333332 0.05185185185185185
0 0.382421875 0.4166666666666667 0.007552083333333333 0.041666666666666664
0 0.3826822916666667 0.37245370370370373 0.01328125 0.03287037037037037
0 0.8040364583333334 0.21481481481481482 0.008072916666666667 0.020370370370370372
0 0.7815104166666667 0.27546296296296297 0.011979166666666667 0.020370370370370372
0 0.7813802083333333 0.2439814814814815 0.03307291666666667 0.01574074074074074
0 0.7825520833333334 0.19652777777777777 0.030208333333333334 0.0125
0 0.7872395833333333 0.26666666666666666 0.021354166666666667 0.013888888888888888
0 0.791796875 0.2537037037037037 0.012239583333333333 0.011111111111111112
0 0.24713541666666666 0.26666666666666666 0.0125 0.040740740740740744
0 0.782421875 0.2050925925925926 0.006510416666666667 0.005555555555555556
