0 0.12591145833333334 0.4738425925925926 0.007552083333333333 0.013425925925925926
0 0.098828125 0.4895833333333333 0.012239583333333333 0.01990740740740741
0 0.24479166666666666 0.49027777777777776 0.008333333333333333 0.012962962962962963
0 0.27044270833333334 0.49953703703703706 0.01171875 0.018518518518518517
0 0.06731770833333334 0.45532407407407405 0.017447916666666667 0.027314814814814816
0 0.12565104166666666 0.4847222222222222 0.00859375 0.005555555555555556
0 0.2662760416666667 0.46435185185185185 0.01484375 0.025925925925925925
0 0.12565104166666666 0.49189814814814814 0.00859375 0.0060185185185185185
0 0.2635416666666667 0.48148148148148145 0.014583333333333334 0.021296296296296296
0 0.19700520833333332 0.47152777777777777 0.01953125 0.033796296296296297
