0 0.38005514705882354 0.4599673202614379 0.018075980392156864 0.01579520697167756
0 0.6847426470588235 0.11083877995642702 0.0055147058823529415 0.0659041394335512
0 0.3805147058823529 0.440359477124183 0.009191176470588236 0.017973856209150325
0 0.6104473039215687 0.4515250544662309 0.003982843137254902 0.007625272331154684
0 0.6106004901960784 0.46187363834422657 0.00857843137254902 0.008714596949891068
0 0.6518075980392157 0.2053376906318083 0.013786764705882353 0.02505446623093682
0 0.6384803921568627 0.25925925925925924 0.010416666666666666 0.018518518518518517
0 0.6099877450980392 0.44989106753812635 0.00980392156862745 0.017429193899782137
0 0.3799019607843137 0.4340958605664488 0.017769607843137254 0.032679738562091505
0 0.6501225490196079 0.2440087145969499 0.04105392156862745 0.08387799564270153
0 0.27267156862745096 0.5599128540305011 0.017769607843137254 0.032679738562091505
0 0.38066789215686275 0.41122004357298475 0.023590686274509803 0.014161220043572984
0 0.6695772058823529 0.3812636165577342 0.005821078431372549 0.008714596949891068
0 0.7233455882352942 0.633442265795207 0.013480392156862746 0.02287581699346405
0 0.6775428921568627 0.204520697167756 0.07628676470588236 0.04520697167755991
0 0.6521139705882353 0.32979302832244006 0.043198529411764705 0.0855119825708061
0 0.6559436274509803 0.3431372549019608 0.025122549019607844 0.044662309368191724
0 0.6553308823529411 0.2372004357298475 0.022058823529411766 0.016884531590413945
