0 0.5397213855421686 0.45147255689424365 0.021460843373493976 0.03547523427041499
0 0.7276920180722891 0.5977242302543507 0.006588855421686747 0.03279785809906292
0 0.567394578313253 0.6183065595716198 0.00338855421686747 0.006358768406961178
0 0.5079066265060241 0.6004016064257028 0.002259036144578313 0.004685408299866131
0 0.5626882530120482 0.6144578313253012 0.0026355421686746986 0.008701472556894244
0 0.5514871987951807 0.60809906291834 0.005459337349397591 0.008701472556894244
0 0.5434864457831325 0.6086010709504686 0.00677710843373494 0.006358768406961178
0 0.5430158132530121 0.5955488621151271 0.006588855421686747 0.005689424364123159
0 0.5393448795180723 0.4661981258366801 0.03275602409638554 0.0749665327978581
0 0.4817394578313253 0.44327309236947793 0.020707831325301206 0.018406961178045515
0 0.6351656626506024 0.4585006693440428 0.035015060240963854 0.07697456492637215
0 0.5864081325301205 0.46251673360107093 0.03463855421686747 0.07563587684069611
0 0.5512048192771084 0.5993975903614458 0.005647590361445783 0.010040160642570281
0 0.5867846385542169 0.4496318607764391 0.021837349397590362 0.036479250334672024
0 0.6342243975903614 0.446285140562249 0.02296686746987952 0.03781793842034806
0 0.4932228915662651 0.4700468540829987 0.04442771084337349 0.07797858099062918
0 0.5433923192771084 0.6015729585006694 0.007341867469879518 0.009036144578313253
0 0.5031061746987951 0.5978915662650602 0.003953313253012048 0.007028112449799197
0 0.36888177710843373 0.5958835341365462 0.005459337349397591 0.03112449799196787
0 0.4944465361445783 0.6019076305220884 0.009224397590361446 0.008366800535475234
