0 0.6641589506172839 0.5208333333333334 0.011188271604938271 0.023148148148148147
0 0.6869212962962963 0.5118312757201646 0.016589506172839507 0.021604938271604937
0 0.8728780864197531 0.4097222222222222 0.05131172839506173 0.01594650205761317
0 0.8721064814814815 0.3914609053497942 0.02507716049382716 0.0205761316872428
0 0.8225308641975309 0.4624485596707819 0.011574074074074073 0.02263374485596708
0 0.6865354938271605 0.5262345679012346 0.015817901234567902 0.006172839506172839
0 0.6460262345679012 0.5288065843621399 0.02507716049382716 0.02263374485596708
0 0.6641589506172839 0.5059156378600823 0.011188271604938271 0.006687242798353909
0 0.5381944444444444 0.5311213991769548 0.008487654320987654 0.00360082304526749
0 0.5978009259259259 0.5372942386831275 0.0073302469135802465 0.026234567901234566
