0 0.7012867647058824 0.539828431372549 0.0196078431372549 0.026552287581699346
0 0.8886335784313726 0.5241013071895425 0.023590686274509803 0.032679738562091505
0 0.6839767156862745 0.5645424836601307 0.013174019607843137 0.017973856209150325
0 0.6757046568627451 0.5484068627450981 0.006433823529411764 0.013480392156862746
0 0.6812193627450981 0.5173611111111112 0.01011029411764706 0.010212418300653595
0 0.26317401960784315 0.4950980392156863 0.026348039215686275 0.011437908496732025
0 0.5791973039215687 0.511437908496732 0.015625 0.006535947712418301
0 0.6793811274509803 0.49142156862745096 0.012561274509803922 0.00980392156862745
0 0.4777879901960784 0.5049019607843137 0.008884803921568627 0.013888888888888888
0 0.6798406862745098 0.5038807189542484 0.011642156862745098 0.015931372549019607
0 0.6824448529411765 0.5334967320261438 0.013786764705882353 0.02042483660130719
