0 0.4683641975308642 0.5 0.019290123456790122 0.046703296703296704
0 0.2490354938271605 0.5580357142857143 0.02353395061728395 0.044642857142857144
0 0.25636574074074076 0.5116758241758241 0.02816358024691358 0.012362637362637362
0 0.25617283950617287 0.49107142857142855 0.026234567901234566 0.012362637362637362
0 0.251929012345679 0.4811126373626374 0.006944444444444444 0.006181318681318681
0 0.22646604938271606 0.5123626373626373 0.017746913580246913 0.01098901098901099
0 0.03202160493827161 0.5188873626373627 0.020833333333333332 0.011675824175824176
0 0.22627314814814814 0.523695054945055 0.017361111111111112 0.011675824175824176
0 0.3287037037037037 0.542239010989011 0.006172839506172839 0.010302197802197802
0 0.1871141975308642 0.5137362637362637 0.006172839506172839 0.01098901098901099
0 0.203125 0.5144230769230769 0.005015432098765432 0.023351648351648352
0 0.1869212962962963 0.5116758241758241 0.011188271604938271 0.023351648351648352
0 0.2033179012345679 0.5360576923076923 0.006172839506172839 0.021291208791208792
0 0.2175925925925926 0.4883241758241758 0.023148148148148147 0.03983516483516483
0 0.1867283950617284 0.53125 0.008487654320987654 0.014423076923076924
0 0.4114583333333333 0.6057692307692307 0.03896604938271605 0.04807692307692308
0 0.2957175925925926 0.5034340659340659 0.017361111111111112 0.03021978021978022
0 0.25675154320987653 0.5020604395604396 0.027391975308641976 0.008241758241758242
0 0.25636574074074076 0.5247252747252747 0.02816358024691358 0.013736263736263736
