0 0.284765625 0.6255208333333333 0.02109375 0.019791666666666666
0 0.37265625 0.6083333333333333 0.01875 0.0125
0 0.39296875 0.609375 0.0125 0.008333333333333333
0 0.511328125 0.5953125 0.00859375 0.009375
0 0.511328125 0.6041666666666666 0.00859375 0.008333333333333333
0 0.51171875 0.6140625 0.00625 0.011458333333333333
0 0.5984375 0.5890625 0.0125 0.015625
0 0.5984375 0.60625 0.0140625 0.01875
0 0.91015625 0.5541666666666667 0.0234375 0.027083333333333334
0 0.912109375 0.5786458333333333 0.01640625 0.021875
0 0.70234375 0.45989583333333334 0.0390625 0.051041666666666666
0 0.70234375 0.521875 0.059375 0.07291666666666667
