0 0.9099334600760456 0.5256410256410257 0.022813688212927757 0.029487179487179487
0 0.5748574144486692 0.5583333333333333 0.019486692015209126 0.027564102564102563
0 0.8704847908745247 0.5897435897435898 0.02043726235741445 0.007051282051282051
0 0.25534695817490494 0.5649038461538461 0.010218631178707225 0.020833333333333332
0 0.3341254752851711 0.5676282051282051 0.005703422053231939 0.008974358974358974
0 0.3344819391634981 0.5544871794871795 0.010218631178707225 0.01730769230769231
0 0.7938450570342205 0.5926282051282051 0.006416349809885932 0.0038461538461538464
0 0.8186787072243346 0.5876602564102564 0.01806083650190114 0.010576923076923078
0 0.8144011406844106 0.5842948717948718 0.002376425855513308 0.0038461538461538464
0 0.8681083650190115 0.5886217948717949 0.002376425855513308 0.0035256410256410257
0 0.840541825095057 0.5878205128205128 0.002376425855513308 0.003205128205128205
0 0.844106463878327 0.5894230769230769 0.01758555133079848 0.007051282051282051
