0 0.639171511627907 0.537467700258398 0.005087209302325582 0.006459948320413436
0 0.6441375968992248 0.5302002583979328 0.005329457364341085 0.006782945736434108
0 0.6294815891472868 0.5289082687338501 0.004602713178294574 0.006782945736434108
0 0.6296027131782945 0.5222868217054264 0.0048449612403100775 0.006459948320413436
0 0.6297238372093024 0.5371447028423773 0.006056201550387597 0.0071059431524547806
0 0.639656007751938 0.5224483204134367 0.005087209302325582 0.008074935400516795
0 0.6344476744186046 0.5297157622739018 0.003875968992248062 0.005813953488372093
0 0.6342054263565892 0.537467700258398 0.005329457364341085 0.007751937984496124
0 0.6345687984496124 0.522125322997416 0.004602713178294574 0.006136950904392765
0 0.6363856589147286 0.5205103359173127 0.03197674418604651 0.052002583979328165
0 0.4855862403100775 0.536983204134367 0.021560077519379845 0.01776485788113695
0 0.6397771317829457 0.5290697674418605 0.005329457364341085 0.0071059431524547806
0 0.6443798449612403 0.5224483204134367 0.0048449612403100775 0.008074935400516795
0 0.5747335271317829 0.5458656330749354 0.008478682170542635 0.015503875968992248
0 0.5150193798449613 0.5184108527131783 0.03439922480620155 0.01614987080103359
