0 0.494171626984127 0.6104497354497355 0.011656746031746032 0.01521164021164021
0 0.6628224206349206 0.6116071428571429 0.00818452380952381 0.011574074074074073
0 0.6121031746031746 0.6178902116402116 0.005952380952380952 0.008928571428571428
0 0.845734126984127 0.6107804232804233 0.00992063492063492 0.013888888888888888
0 0.8327132936507936 0.6142526455026455 0.003224206349206349 0.00958994708994709
0 0.5363343253968254 0.5997023809523809 0.018105158730158732 0.007605820105820105
0 0.5091765873015873 0.6124338624338624 0.00744047619047619 0.003968253968253968
0 0.8062996031746031 0.6011904761904762 0.009424603174603174 0.003968253968253968
0 0.7471478174603174 0.6183862433862434 0.005704365079365079 0.0026455026455026454
0 0.6329365079365079 0.6294642857142857 0.00744047619047619 0.00958994708994709
0 0.5494791666666666 0.6342592592592593 0.005208333333333333 0.001984126984126984
