0 0.5811887254901961 0.4987745098039216 0.007352941176470588 0.011437908496732025
0 0.9327512254901961 0.4869281045751634 0.03462009803921569 0.03676470588235294
0 0.9325980392156863 0.4303513071895425 0.028799019607843136 0.0363562091503268
0 0.9321384803921569 0.4056372549019608 0.030943627450980393 0.0196078431372549
0 0.6971507352941176 0.49080882352941174 0.013174019607843137 0.020016339869281044
0 0.9335171568627451 0.45731209150326796 0.029411764705882353 0.01838235294117647
0 0.5456495098039216 0.5026552287581699 0.011029411764705883 0.011029411764705883
0 0.35110294117647056 0.5153186274509803 0.006127450980392157 0.006944444444444444
0 0.29411764705882354 0.4777369281045752 0.012254901960784314 0.010212418300653595
0 0.5349264705882353 0.5034722222222222 0.003676470588235294 0.006127450980392157
0 0.3121936274509804 0.5220588235294118 0.0055147058823529415 0.008169934640522876
0 0.43244485294117646 0.5120506535947712 0.005821078431372549 0.00857843137254902
