0 0.8840379901960784 0.6672794117647058 0.014399509803921568 0.015931372549019607
0 0.7789522058823529 0.6727941176470589 0.018075980392156864 0.018790849673202614
0 0.4309129901960784 0.6568627450980392 0.009497549019607842 0.010620915032679739
0 0.5182291666666666 0.6564542483660131 0.008272058823529412 0.010620915032679739
0 0.8083639705882353 0.664828431372549 0.007659313725490196 0.009395424836601307
0 0.7607230392156863 0.6576797385620915 0.012867647058823529 0.015522875816993464
0 0.883578431372549 0.6803513071895425 0.012867647058823529 0.010212418300653595
0 0.7608762254901961 0.6703431372549019 0.012561274509803922 0.00980392156862745
0 0.5179227941176471 0.6629901960784313 0.007659313725490196 0.004084967320261438
0 0.8086703431372549 0.673202614379085 0.006433823529411764 0.007352941176470588
0 0.7781862745098039 0.6356209150326797 0.017769607843137254 0.056372549019607844
0 0.4306066176470588 0.6636029411764706 0.007659313725490196 0.003676470588235294
0 0.16115196078431374 0.6666666666666666 0.025735294117647058 0.0392156862745098
