0 0.4991586538461538 0.7065705128205129 0.019471153846153846 0.014423076923076924
0 0.2233173076923077 0.47291666666666665 0.17451923076923076 0.12596153846153846
0 0.47704326923076923 0.7078525641025641 0.008413461538461538 0.011858974358974358
0 0.5061298076923076 0.721474358974359 0.009375 0.009615384615384616
0 0.5223557692307692 0.7306089743589743 0.010096153846153847 0.008012820512820512
0 0.22716346153846154 0.44134615384615383 0.03942307692307692 0.035256410256410256
0 0.49927884615384616 0.7028846153846153 0.005288461538461539 0.0057692307692307696
0 0.5306490384615384 0.7251602564102564 0.005048076923076923 0.010576923076923078
0 0.5145432692307692 0.7294871794871794 0.003605769230769231 0.008333333333333333
0 0.4388221153846154 0.7080128205128206 0.004086538461538462 0.005128205128205128
0 0.5229567307692308 0.7182692307692308 0.010817307692307692 0.016025641025641024
0 0.24927884615384616 0.39647435897435895 0.12548076923076923 0.038461538461538464
